3959.844798 1.006585
3960.044790 1.051914
3960.244782 1.015961
3960.444774 0.976783
3960.644766 0.991498
3960.844759 1.025818
3961.044751 0.965038
3961.244743 1.020332
3961.444735 0.972804
3961.644727 1.025994
3961.844719 1.050159
3962.044712 0.992641
3962.244704 0.983348
3962.444696 0.894190
3962.644688 0.985351
3962.844680 0.985071
3963.044672 0.968124
3963.244665 0.963631
3963.444657 0.993832
3963.644649 0.990627
3963.844641 0.978346
3964.044633 1.061430
3964.244625 0.946314
3964.444618 0.968127
3964.644610 0.895813
3964.844602 0.931333
3965.044594 0.895564
3965.244586 0.988165
3965.444578 0.861551
3965.644571 0.911650
3965.844563 0.837962
3966.044555 0.916811
3966.244547 0.755587
3966.444539 0.805330
3966.644531 0.845483
3966.844523 0.807073
3967.044516 0.827259
3967.244508 0.765411
3967.444500 0.780577
3967.644492 0.777990
3967.844484 0.863373
3968.044476 0.770094
3968.244469 0.727221
3968.444461 0.710394
3968.644453 0.778794
3968.844445 0.724576
3969.044437 0.709049
3969.244429 0.761993
3969.444422 0.777672
3969.644414 0.750328
3969.844406 0.640366
3970.044398 0.631275
3970.244390 0.588834
3970.444382 0.577992
3970.644375 0.672678
3970.844367 0.531973
3971.044359 0.578439
3971.244351 0.640785
3971.444343 0.652044
3971.644335 0.617180
3971.844328 0.636959
3972.044320 0.610575
3972.244312 0.663698
3972.444304 0.659149
3972.644296 0.669751
3972.844288 0.648942
3973.044281 0.569553
3973.244273 0.613912
3973.444265 0.634683
3973.644257 0.589620
3973.844249 0.583779
3974.044241 0.689393
3974.244233 0.754976
3974.444226 0.667752
3974.644218 0.683321
3974.844210 0.706318
3975.044202 0.716062
3975.244194 0.759875
3975.444186 0.787613
3975.644179 0.739319
3975.844171 0.780223
3976.044163 0.783649
3976.244155 0.783087
3976.444147 0.801607
3976.644139 0.799412
3976.844132 0.795085
3977.044124 0.802043
3977.244116 0.913879
3977.444108 0.815584
3977.644100 0.838079
3977.844092 0.910939
3978.044085 0.840340
3978.244077 0.863917
3978.444069 0.890608
3978.644061 0.831921
3978.844053 0.972857
3979.044045 0.851292
3979.244038 0.889286
3979.444030 0.914142
3979.644022 0.884639
3979.844014 0.905740
3980.044006 0.970760
3980.243998 0.952375
3980.443990 0.948936
3980.643983 0.925416
3980.843975 0.979962
3981.043967 0.962627
3981.243959 0.983543
3981.443951 0.980572
3981.643943 1.009579
3981.843936 1.067886
3982.043928 1.009518
3982.243920 0.961834
3982.443912 0.987537
3982.643904 0.961758
3982.843896 0.928710
3983.043889 0.876330
3983.243881 1.050473
3983.443873 0.959111
3983.643865 0.924440
3983.843857 1.006320
3984.043849 1.020901
3984.243842 0.914879
3984.443834 0.928972
3984.643826 1.000768
3984.843818 1.001676
3985.043810 0.990083
3985.243802 0.977525
3985.443795 0.976331
3985.643787 1.056540
3985.843779 0.951810
3986.043771 1.020943
3986.243763 1.001835
3986.443755 0.982508
3986.643747 1.048623
3986.843740 1.048780
3987.043732 1.043078
3987.243724 1.008416
3987.443716 0.950762
3987.643708 0.987252
3987.843700 1.064453
3988.043693 1.117019
3988.243685 1.081118
3988.443677 0.986415
3988.643669 1.010658
3988.843661 0.930335
3989.043653 0.976813
3989.243646 1.064131
3989.443638 1.052408
3989.643630 0.959312
3989.843622 0.992770
3990.043614 1.053454
3990.243606 1.009216
3990.443599 0.955720
3990.643591 1.071475
3990.843583 1.006942
3991.043575 1.007647
3991.243567 0.961226
3991.443559 1.097632
3991.643552 1.035485
3991.843544 1.018924
3992.043536 1.121958
3992.243528 0.999852
3992.443520 1.056091
3992.643512 1.007671
3992.843504 0.997668
3993.043497 1.039838
3993.243489 1.057114
3993.443481 1.044177
3993.643473 1.005368
3993.843465 0.990883
3994.043457 1.011697
3994.243450 1.022015
3994.443442 1.020351
3994.643434 1.002794
3994.843426 1.064285
3995.043418 1.037366
3995.243410 1.056957
3995.443403 1.054281
3995.643395 1.036435
3995.843387 0.972474
3996.043379 0.955421
3996.243371 1.060840
3996.443363 1.035596
3996.643356 1.050561
3996.843348 1.035680
3997.043340 1.054543
3997.243332 1.003437
3997.443324 1.062897
3997.643316 1.024862
3997.843309 1.100237
3998.043301 1.035982
3998.243293 1.007835
3998.443285 1.000120
3998.643277 1.013439
3998.843269 0.981308
3999.043261 0.960964
3999.243254 1.034843
3999.443246 1.039867
3999.643238 1.024878
3999.843230 1.036797
4000.043222 1.074207
4000.243214 1.066923
4000.443207 1.075392
4000.643199 1.001723
4000.843191 0.977192
4001.043183 1.035605
4001.243175 1.016348
4001.443167 1.014001
4001.643160 0.987223
4001.843152 1.095605
4002.043144 1.026003
4002.243136 1.019871
4002.443128 1.013156
4002.643120 1.040406
4002.843113 0.990060
4003.043105 0.978437
4003.243097 1.018793
4003.443089 1.061977
4003.643081 1.060534
4003.843073 1.042826
4004.043066 1.032627
4004.243058 1.021321
4004.443050 1.007605
4004.643042 1.024755
4004.843034 1.021042
4005.043026 1.053320
4005.243019 1.114592
4005.443011 1.058350
4005.643003 1.009102
4005.842995 0.991191
4006.042987 1.024915
4006.242979 1.095950
4006.442971 0.980696
4006.642964 1.031845
4006.842956 1.018792
4007.042948 1.067560
4007.242940 1.022344
4007.442932 0.981681
4007.642924 0.945699
4007.842917 1.007439
4008.042909 1.049620
4008.242901 0.998343
4008.442893 0.969738
4008.642885 1.019402
4008.842877 0.978043
4009.042870 0.980364
4009.242862 0.981958
4009.442854 1.036651
4009.642846 0.965766
4009.842838 0.975533
4010.042830 1.022739
4010.242823 1.010842
4010.442815 0.964951
4010.642807 0.930164
4010.842799 0.917227
4011.042791 0.927976
4011.242783 0.933191
4011.442776 0.944277
4011.642768 0.957881
4011.842760 0.906903
4012.042752 0.954598
4012.242744 0.931786
4012.442736 0.898917
4012.642728 1.074959
4012.842721 0.930622
4013.042713 0.908692
4013.242705 0.950353
4013.442697 1.048847
4013.642689 1.022287
4013.842681 1.014709
4014.042674 1.009769
4014.242666 0.982535
4014.442658 0.941406
4014.642650 1.001888
4014.842642 1.009540
4015.042634 0.998726
4015.242627 0.963767
4015.442619 0.978460
4015.642611 1.083045
4015.842603 0.997475
4016.042595 1.006898
4016.242587 0.952444
4016.442580 1.018552
4016.642572 0.978832
4016.842564 0.970432
4017.042556 0.991617
4017.242548 1.101305
4017.442540 1.070809
4017.642533 1.044316
4017.842525 1.073316
4018.042517 1.077168
4018.242509 1.081553
4018.442501 1.057105
4018.642493 0.977802
4018.842485 1.004057
4019.042478 1.053679
4019.242470 1.006398
4019.442462 1.025988
4019.642454 0.966232
4019.842446 0.974700
4020.042438 1.044789
4020.242431 0.980588
4020.442423 0.995075
4020.642415 1.039963
4020.842407 0.983085
4021.042399 1.036327
4021.242391 1.010952
4021.442384 0.924048
4021.642376 1.020702
4021.842368 1.033199
4022.042360 1.012482
4022.242352 1.092631
4022.442344 0.952408
4022.642337 1.010615
4022.842329 1.028335
4023.042321 1.033900
4023.242313 1.006062
4023.442305 1.056854
4023.642297 1.005295
4023.842290 1.009721
4024.042282 0.950197
4024.242274 0.952496
4024.442266 0.968937
4024.642258 1.028883
4024.842250 0.969046
4025.042242 0.970349
4025.242235 1.038691
4025.442227 0.967314
4025.642219 1.128337
4025.842211 0.980429
4026.042203 0.960911
4026.242195 0.881200
4026.442188 0.918546
4026.642180 0.892256
4026.842172 0.917206
4027.042164 0.897078
4027.242156 0.837920
4027.442148 0.818576
4027.642141 0.806144
4027.842133 0.796000
4028.042125 0.841585
4028.242117 0.798462
4028.442109 0.814009
4028.642101 0.777572
4028.842094 0.776915
4029.042086 0.793684
4029.242078 0.795293
4029.442070 0.777988
4029.642062 0.839783
4029.842054 0.788137
4030.042047 0.811016
4030.242039 0.903360
4030.442031 0.930825
4030.642023 0.886606
4030.842015 0.965426
4031.042007 0.907084
4031.242000 0.955150
4031.441992 0.915755
4031.641984 0.987393
4031.841976 0.959796
4032.041968 1.023271
4032.241960 0.975381
4032.441952 0.966814
4032.641945 0.960251
4032.841937 0.999835
4033.041929 1.043842
4033.241921 0.946702
4033.441913 0.964221
4033.641905 0.995980
4033.841898 0.995608
4034.041890 0.998243
4034.241882 1.041026
4034.441874 1.063862
4034.641866 1.115477
4034.841858 0.985991
4035.041851 1.012794
4035.241843 1.007782
4035.441835 1.084193
4035.641827 0.969438
4035.841819 1.012281
4036.041811 0.943541
4036.241804 1.001596
4036.441796 0.992313
4036.641788 0.990346
4036.841780 0.986789
4037.041772 0.980426
4037.241764 1.012133
4037.441757 1.019650
4037.641749 1.092535
4037.841741 0.986261
4038.041733 0.971670
4038.241725 0.947360
4038.441717 0.980371
4038.641709 0.949676
4038.841702 1.021312
4039.041694 1.078974
4039.241686 0.997692
4039.441678 0.986535
4039.641670 1.046441
4039.841662 0.980344
4040.041655 0.977051
4040.241647 0.964070
4040.441639 1.021337
4040.641631 1.070799
4040.841623 0.975678
4041.041615 1.077199
4041.241608 1.056131
4041.441600 1.028856
4041.641592 0.983453
4041.841584 1.003296
4042.041576 0.996084
4042.241568 1.015228
4042.441561 1.011256
4042.641553 1.018742
4042.841545 1.062546
4043.041537 1.025503
4043.241529 1.035979
4043.441521 1.116804
4043.641514 1.035274
4043.841506 0.979883
4044.041498 1.024778
4044.241490 1.044696
4044.441482 0.962893
4044.641474 1.008237
4044.841466 1.015154
4045.041459 1.036302
4045.241451 1.001702
4045.441443 0.987443
4045.641435 0.997694
4045.841427 1.046844
4046.041419 1.019702
4046.241412 0.970782
4046.441404 0.969463
4046.641396 1.025089
4046.841388 1.010943
4047.041380 1.020527
4047.241372 1.062522
4047.441365 0.995189
4047.641357 0.971195
4047.841349 0.969660
4048.041341 0.995470
4048.241333 0.998559
4048.441325 1.002152
4048.641318 1.022548
4048.841310 1.030353
4049.041302 1.003964
4049.241294 0.994174
4049.441286 1.037323
4049.641278 1.012028
4049.841271 1.034637
4050.041263 1.019159
4050.241255 1.020028
4050.441247 1.029728
4050.641239 1.018546
4050.841231 1.056523
4051.041223 1.051799
4051.241216 0.990496
4051.441208 0.988514
4051.641200 0.979388
4051.841192 1.057655
4052.041184 1.006091
4052.241176 1.000645
4052.441169 0.993907
4052.641161 0.978071
4052.841153 1.002615
4053.041145 1.069222
4053.241137 0.908680
4053.441129 1.056312
4053.641122 1.101722
4053.841114 1.064086
4054.041106 1.010019
4054.241098 1.015633
4054.441090 0.978202
4054.641082 1.023268
4054.841075 1.003347
4055.041067 1.010069
4055.241059 1.074726
4055.441051 1.062878
4055.641043 1.026336
4055.841035 1.040218
4056.041028 1.047194
4056.241020 0.976303
4056.441012 1.031187
4056.641004 0.975224
4056.840996 1.013985
4057.040988 1.030367
4057.240980 0.988476
4057.440973 1.017563
4057.640965 1.002252
4057.840957 1.015464
4058.040949 0.982123
4058.240941 1.016168
4058.440933 0.990851
4058.640926 1.018531
4058.840918 1.007560
4059.040910 1.038353
4059.240902 1.016700
4059.440894 1.051215
4059.640886 1.089030
4059.840879 1.027600
4060.040871 1.006115
4060.240863 1.015971
4060.440855 0.949835
4060.640847 0.996593
4060.840839 1.038256
4061.040832 1.076702
4061.240824 1.078051
4061.440816 0.982625
4061.640808 1.038607
4061.840800 1.034524
4062.040792 1.041566
4062.240785 0.937163
4062.440777 1.075536
4062.640769 0.961944
4062.840761 1.034678
4063.040753 1.041698
4063.240745 1.021641
4063.440738 1.006232
4063.640730 1.006356
4063.840722 0.966520
4064.040714 1.001865
4064.240706 0.997643
4064.440698 0.980137
4064.640690 0.988161
4064.840683 1.023618
4065.040675 0.963523
4065.240667 1.033776
4065.440659 1.023622
4065.640651 0.998927
4065.840643 1.034310
4066.040636 1.039302
4066.240628 1.022847
4066.440620 0.970736
4066.640612 0.998429
4066.840604 0.914114
4067.040596 0.982811
4067.240589 0.943262
4067.440581 0.960246
4067.640573 1.066980
4067.840565 0.997580
4068.040557 1.019348
4068.240549 0.996275
4068.440542 1.033474
4068.640534 0.994336
4068.840526 1.036065
4069.040518 1.037535
4069.240510 1.022274
4069.440502 0.973874
4069.640495 1.026556
4069.840487 0.993581
4070.040479 0.960793
4070.240471 1.034670
4070.440463 0.998057
4070.640455 1.098666
4070.840447 0.997708
4071.040440 0.917786
4071.240432 0.984652
4071.440424 1.047421
4071.640416 1.023126
4071.840408 0.980342
4072.040400 0.925366
4072.240393 0.892118
4072.440385 0.995979
4072.640377 0.984130
4072.840369 0.961182
4073.040361 0.936217
4073.240353 0.983165
4073.440346 1.004698
4073.640338 0.980849
4073.840330 0.977265
4074.040322 0.959558
4074.240314 0.981554
4074.440306 0.941385
4074.640299 0.927704
4074.840291 1.012553
4075.040283 0.906458
4075.240275 0.987017
4075.440267 0.958895
4075.640259 1.043966
4075.840252 1.017014
4076.040244 1.007691
4076.240236 0.934719
4076.440228 1.017254
4076.640220 1.012595
4076.840212 1.059257
4077.040204 1.015741
4077.240197 1.016887
4077.440189 1.037016
4077.640181 0.989047
4077.840173 1.026992
4078.040165 0.975770
4078.240157 1.010281
4078.440150 1.005678
4078.640142 0.990101
4078.840134 1.004925
4079.040126 0.992273
4079.240118 1.035390
4079.440110 0.989808
4079.640103 1.016913
4079.840095 0.971226
4080.040087 0.979924
4080.240079 0.991267
4080.440071 0.953730
4080.640063 1.019336
4080.840056 0.960213
4081.040048 0.983460
4081.240040 0.989399
4081.440032 1.021590
4081.640024 1.014067
4081.840016 1.059108
4082.040009 1.002840
4082.240001 0.979320
4082.439993 0.991007
4082.639985 0.971166
4082.839977 0.972888
4083.039969 0.971505
4083.239961 0.986241
4083.439954 1.012595
4083.639946 1.087118
4083.839938 1.033282
4084.039930 1.062046
4084.239922 1.037316
4084.439914 0.983992
4084.639907 0.979983
4084.839899 0.929851
4085.039891 1.006782
4085.239883 0.986017
4085.439875 0.964885
4085.639867 0.954939
4085.839860 0.970169
4086.039852 0.986303
4086.239844 0.959063
4086.439836 0.975920
4086.639828 1.000080
4086.839820 1.013397
4087.039813 1.056453
4087.239805 1.007097
4087.439797 0.970632
4087.639789 0.975846
4087.839781 0.956215
4088.039773 1.057462
4088.239766 0.994607
4088.439758 0.934364
4088.639750 0.951860
4088.839742 0.954132
4089.039734 1.001101
4089.239726 1.014113
4089.439719 0.965805
4089.639711 1.018731
4089.839703 0.964167
4090.039695 0.898899
4090.239687 0.941285
4090.439679 0.938277
4090.639671 0.953498
4090.839664 0.991614
4091.039656 0.946980
4091.239648 0.950862
4091.439640 0.981097
4091.639632 0.923964
4091.839624 0.958135
4092.039617 0.935485
4092.239609 0.949558
4092.439601 0.916679
4092.639593 0.951477
4092.839585 0.930741
4093.039577 0.959916
4093.239570 0.915181
4093.439562 0.903315
4093.639554 0.858842
4093.839546 0.986214
4094.039538 0.941834
4094.239530 0.970784
4094.439523 0.972275
4094.639515 0.921895
4094.839507 0.951457
4095.039499 0.974648
4095.239491 0.940297
4095.439483 0.902018
4095.639476 0.947884
4095.839468 0.897229
4096.039460 0.891814
4096.239452 0.926544
4096.439444 0.879139
4096.639436 0.929441
4096.839428 0.882847
4097.039421 0.886910
4097.239413 0.889831
4097.439405 0.892586
4097.639397 0.914258
4097.839389 0.900510
4098.039381 0.860072
4098.239374 0.843077
4098.439366 0.849169
4098.639358 0.874347
4098.839350 0.899258
4099.039342 0.831158
4099.239334 0.830419
4099.439327 0.837505
4099.639319 0.814498
4099.839311 0.775149
4100.039303 0.818037
4100.239295 0.794458
4100.439287 0.726326
4100.639280 0.751421
4100.839272 0.779219
4101.039264 0.747656
4101.239256 0.735777
4101.439248 0.732846
4101.639240 0.703641
4101.839233 0.708769
4102.039225 0.695801
4102.239217 0.645879
4102.439209 0.669410
4102.639201 0.671242
4102.839193 0.669629
4103.039185 0.637966
4103.239178 0.624094
4103.439170 0.596148
4103.639162 0.633345
4103.839154 0.598342
4104.039146 0.671495
4104.239138 0.636067
4104.439131 0.648166
4104.639123 0.630748
4104.839115 0.634209
4105.039107 0.654551
4105.239099 0.642955
4105.439091 0.607331
4105.639084 0.601584
4105.839076 0.636340
4106.039068 0.667846
4106.239060 0.640729
4106.439052 0.627987
4106.639044 0.680287
4106.839037 0.677896
4107.039029 0.690684
4107.239021 0.704562
4107.439013 0.720125
4107.639005 0.732637
4107.838997 0.732250
4108.038990 0.805227
4108.238982 0.809007
4108.438974 0.776788
4108.638966 0.868940
4108.838958 0.807468
4109.038950 0.807187
4109.238942 0.849678
4109.438935 0.826853
4109.638927 0.868686
4109.838919 0.830013
4110.038911 0.827376
4110.238903 0.874679
4110.438895 0.853360
4110.638888 0.805640
4110.838880 0.887005
4111.038872 0.898620
4111.238864 0.873226
4111.438856 0.813841
4111.638848 0.907238
4111.838841 0.916785
4112.038833 0.923648
4112.238825 0.886422
4112.438817 0.875602
4112.638809 0.899361
4112.838801 0.881664
4113.038794 0.946819
4113.238786 0.909367
4113.438778 0.925013
4113.638770 0.923536
4113.838762 0.918071
4114.038754 0.962592
4114.238747 0.892448
4114.438739 0.939356
4114.638731 0.951207
4114.838723 0.900012
4115.038715 1.000132
4115.238707 0.913703
4115.438699 0.921157
4115.638692 0.936273
4115.838684 0.903177
4116.038676 1.001630
4116.238668 1.039166
4116.438660 0.939932
4116.638652 0.930300
4116.838645 0.954828
4117.038637 0.941280
4117.238629 0.997756
4117.438621 0.966896
4117.638613 0.960247
4117.838605 0.986607
4118.038598 0.957653
4118.238590 0.963982
4118.438582 0.979439
4118.638574 0.970876
4118.838566 0.946945
4119.038558 0.975651
4119.238551 0.972738
4119.438543 0.970709
4119.638535 1.011063
4119.838527 0.965357
4120.038519 0.997370
4120.238511 1.001803
4120.438504 0.969876
4120.638496 0.956037
4120.838488 0.979835
4121.038480 0.943987
4121.238472 0.967154
4121.438464 0.988459
4121.638457 0.957739
4121.838449 0.925999
4122.038441 0.937650
4122.238433 0.951324
4122.438425 0.963278
4122.638417 0.935439
4122.838409 0.880801
4123.038402 0.950470
4123.238394 0.899114
4123.438386 0.886551
4123.638378 0.963003
4123.838370 0.919232
4124.038362 0.924530
4124.238355 0.918736
4124.438347 0.922218
4124.638339 0.927674
4124.838331 1.004454
4125.038323 0.972539
4125.238315 0.979549
4125.438308 0.986764
4125.638300 0.973460
4125.838292 0.972893
4126.038284 1.003308
4126.238276 1.027970
4126.438268 1.017778
4126.638261 1.008732
4126.838253 1.002235
4127.038245 0.966408
4127.238237 1.016153
4127.438229 0.973853
4127.638221 0.993097
4127.838214 1.005171
4128.038206 0.988772
4128.238198 0.974597
4128.438190 1.024170
4128.638182 0.988723
4128.838174 0.984892
4129.038166 0.985130
4129.238159 1.011733
4129.438151 0.941885
4129.638143 1.011083
4129.838135 1.003498
4130.038127 1.004485
4130.238119 1.042471
4130.438112 0.964395
4130.638104 0.995425
4130.838096 1.028140
4131.038088 0.985543
4131.238080 1.023504
4131.438072 1.003518
4131.638065 0.984864
4131.838057 0.952956
4132.038049 0.952940
4132.238041 0.974537
4132.438033 0.974520
4132.638025 1.039363
4132.838018 1.034606
4133.038010 1.008347
4133.238002 1.021775
4133.437994 1.070331
4133.637986 0.966014
4133.837978 1.012152
4134.037971 1.024244
4134.237963 0.991758
4134.437955 0.968791
4134.637947 1.014225
4134.837939 0.991205
4135.037931 1.021800
4135.237923 0.995138
4135.437916 0.997798
4135.637908 0.958591
4135.837900 0.957557
4136.037892 1.017241
4136.237884 0.987993
4136.437876 1.013744
4136.637869 1.004423
4136.837861 1.025280
4137.037853 1.039962
4137.237845 1.041487
4137.437837 1.000704
4137.637829 0.988888
4137.837822 1.013957
4138.037814 0.991144
4138.237806 1.047649
4138.437798 0.994046
4138.637790 0.972255
4138.837782 0.993422
4139.037775 1.036289
4139.237767 1.001846
4139.437759 1.017795
4139.637751 1.025164
4139.837743 0.971697
4140.037735 1.033066
4140.237728 1.024281
4140.437720 0.972769
4140.637712 1.003472
4140.837704 1.000615
4141.037696 1.011221
4141.237688 1.009027
4141.437680 1.015469
4141.637673 1.000423
4141.837665 1.013023
4142.037657 1.036055
4142.237649 1.006792
4142.437641 1.008216
4142.637633 0.990369
4142.837626 0.969991
4143.037618 0.935262
4143.237610 0.937621
4143.437602 0.940681
4143.637594 0.968947
4143.837586 0.992538
4144.037579 0.941963
4144.237571 0.938991
4144.437563 0.968918
4144.637555 0.997501
4144.837547 0.960795
4145.037539 0.905905
4145.237532 0.858976
4145.437524 0.854548
4145.637516 0.872842
4145.837508 0.828653
4146.037500 0.815174
4146.237492 0.857883
4146.437485 0.850005
4146.637477 0.789353
4146.837469 0.852879
4147.037461 0.860105
4147.237453 0.849668
4147.437445 0.884444
4147.637437 0.919576
4147.837430 0.867955
4148.037422 0.909036
4148.237414 0.908848
4148.437406 0.939222
4148.637398 0.972203
4148.837390 0.977282
4149.037383 0.930294
4149.237375 0.959866
4149.437367 0.933146
4149.637359 0.984873
4149.837351 0.991718
4150.037343 0.997768
4150.237336 0.965171
4150.437328 0.958003
4150.637320 0.983439
4150.837312 1.044550
4151.037304 0.976673
4151.237296 0.973317
4151.437289 0.968825
4151.637281 1.045549
4151.837273 1.008737
4152.037265 0.992157
4152.237257 0.995471
4152.437249 1.024827
4152.637242 1.010323
4152.837234 0.968021
4153.037226 1.037206
4153.237218 1.040116
4153.437210 0.999428
4153.637202 1.092051
4153.837195 0.943996
4154.037187 0.986169
4154.237179 1.019625
4154.437171 1.000401
4154.637163 0.990869
4154.837155 1.053014
4155.037147 0.930424
4155.237140 0.948591
4155.437132 0.993327
4155.637124 0.976669
4155.837116 0.920174
4156.037108 0.974132
4156.237100 0.991747
4156.437093 1.092270
4156.637085 1.006607
4156.837077 0.969819
4157.037069 1.026901
4157.237061 0.993138
4157.437053 1.056889
4157.637046 1.018145
4157.837038 1.013943
4158.037030 0.953768
4158.237022 0.992129
4158.437014 0.965012
4158.637006 1.032320
4158.836999 1.032875
4159.036991 1.005971
4159.236983 1.057511
4159.436975 0.972444
4159.636967 1.016490
4159.836959 1.092056
4160.036952 1.035131
4160.236944 1.062135
4160.436936 1.057628
4160.636928 1.013833
4160.836920 0.993785
4161.036912 1.015632
4161.236904 0.976009
4161.436897 0.987840
4161.636889 1.019476
4161.836881 1.016400
4162.036873 1.010902
4162.236865 0.937864
4162.436857 0.996068
4162.636850 1.045563
4162.836842 1.029427
4163.036834 1.075103
4163.236826 0.959190
4163.436818 0.985245
4163.636810 0.973674
4163.836803 0.981817
4164.036795 0.980416
4164.236787 0.992060
4164.436779 0.998524
4164.636771 0.988521
4164.836763 1.007167
4165.036756 0.990630
4165.236748 1.019833
4165.436740 1.030522
4165.636732 1.023883
4165.836724 1.008692
4166.036716 0.995940
4166.236709 1.020044
4166.436701 1.026749
4166.636693 1.005515
4166.836685 0.998728
4167.036677 1.006489
4167.236669 0.965764
4167.436661 0.981509
4167.636654 0.994293
4167.836646 1.008206
4168.036638 1.012345
4168.236630 0.987612
4168.436622 1.002546
4168.636614 1.023902
4168.836607 1.026675
4169.036599 1.007195
4169.236591 0.983814
4169.436583 0.956696
4169.636575 0.965638
4169.836567 0.988674
4170.036560 0.943021
4170.236552 0.977013
4170.436544 1.026511
4170.636536 0.984110
4170.836528 0.947713
4171.036520 0.966947
4171.236513 0.940694
4171.436505 0.963176
4171.636497 0.939264
4171.836489 0.964975
4172.036481 0.954964
4172.236473 0.948791
4172.436466 0.951598
4172.636458 0.987496
4172.836450 1.026164
4173.036442 0.997261
4173.236434 0.985426
4173.436426 1.017049
4173.636418 1.067357
4173.836411 0.984185
4174.036403 0.996241
4174.236395 0.994655
4174.436387 1.019203
4174.636379 1.012383
4174.836371 1.010190
4175.036364 1.007271
4175.236356 0.998589
4175.436348 1.000362
4175.636340 0.941914
4175.836332 0.988142
4176.036324 1.021203
4176.236317 1.035151
4176.436309 1.018941
4176.636301 1.033105
4176.836293 0.999130
4177.036285 1.030221
4177.236277 1.023162
4177.436270 0.984911
4177.636262 0.943541
4177.836254 0.981991
4178.036246 1.043542
4178.236238 0.996164
4178.436230 0.985924
4178.636223 1.013273
4178.836215 0.989425
4179.036207 1.028457
4179.236199 1.018227
4179.436191 1.029437
4179.636183 1.000342
4179.836176 1.033764
4180.036168 1.053678
4180.236160 1.023514
4180.436152 1.052160
4180.636144 0.989283
4180.836136 0.988393
4181.036128 0.968474
4181.236121 1.015921
4181.436113 0.982965
4181.636105 0.969235
4181.836097 0.996269
4182.036089 0.962098
4182.236081 0.995258
4182.436074 1.027943
4182.636066 1.002760
4182.836058 0.984748
4183.036050 1.010184
4183.236042 1.008598
4183.436034 1.014904
4183.636027 1.011957
4183.836019 1.006852
4184.036011 0.971357
4184.236003 1.020118
4184.435995 1.005559
4184.635987 1.030009
4184.835980 0.992445
4185.035972 1.007891
4185.235964 0.995551
4185.435956 1.029882
4185.635948 1.049456
4185.835940 0.987237
4186.035933 0.993616
4186.235925 0.996252
4186.435917 1.009674
4186.635909 1.002659
4186.835901 0.979480
4187.035893 0.969805
4187.235885 1.015966
4187.435878 1.020559
4187.635870 1.012432
4187.835862 1.030907
4188.035854 1.022397
4188.235846 1.041671
4188.435838 0.984701
4188.635831 1.018713
4188.835823 1.023502
4189.035815 0.987379
4189.235807 0.960050
4189.435799 0.984591
4189.635791 1.041173
4189.835784 0.960719
4190.035776 1.008055
4190.235768 0.989426
4190.435760 1.019811
4190.635752 1.103928
4190.835744 1.013326
4191.035737 1.008588
4191.235729 1.032451
4191.435721 0.984141
4191.635713 1.000060
4191.835705 1.036469
4192.035697 0.990917
4192.235690 1.002939
4192.435682 0.980243
4192.635674 0.967984
4192.835666 0.994000
4193.035658 0.989469
4193.235650 1.034028
4193.435642 1.049011
4193.635635 1.053555
4193.835627 1.049366
4194.035619 1.008090
4194.235611 1.043407
4194.435603 1.007275
4194.635595 0.994809
4194.835588 0.989285
4195.035580 1.042074
4195.235572 0.948309
4195.435564 0.977392
4195.635556 1.024907
4195.835548 1.045694
4196.035541 0.990424
4196.235533 1.011811
4196.435525 0.964177
4196.635517 1.009493
4196.835509 1.028991
4197.035501 1.035950
4197.235494 1.026448
4197.435486 0.981907
4197.635478 0.997991
4197.835470 1.026569
4198.035462 1.039723
4198.235454 1.040909
4198.435447 0.998633
4198.635439 0.982363
4198.835431 1.070283
4199.035423 1.000614
4199.235415 0.966519
4199.435407 0.979717
4199.635399 0.995486
4199.835392 0.999300
4200.035384 0.972953
4200.235376 1.024317
4200.435368 1.038879
4200.635360 1.004874
4200.835352 1.033750
4201.035345 1.074215
4201.235337 0.991340
4201.435329 0.975649
4201.635321 1.024652
4201.835313 1.005501
4202.035305 1.011931
4202.235298 0.976134
4202.435290 1.016492
4202.635282 1.007945
4202.835274 1.001595
4203.035266 0.978407
4203.235258 1.014603
4203.435251 1.039595
4203.635243 1.043942
4203.835235 1.022048
4204.035227 1.042413
4204.235219 0.986651
4204.435211 0.997758
4204.635204 1.067679
4204.835196 0.990033
4205.035188 0.967876
4205.235180 0.987198
4205.435172 1.066233
4205.635164 1.015091
4205.835156 1.004435
4206.035149 1.020701
4206.235141 1.004770
4206.435133 1.009434
4206.635125 0.995556
4206.835117 0.996006
4207.035109 1.017416
4207.235102 1.062113
4207.435094 1.015632
4207.635086 0.981725
4207.835078 1.006466
4208.035070 1.061470
4208.235062 1.062831
4208.435055 1.044776
4208.635047 0.963824
4208.835039 1.042510
4209.035031 1.009581
4209.235023 1.025458
4209.435015 1.048175
4209.635008 1.053183
4209.835000 1.009956
4210.034992 0.984712
4210.234984 1.000716
4210.434976 1.044070
4210.634968 1.007682
4210.834961 1.050224
4211.034953 1.027315
4211.234945 1.042844
4211.434937 1.006253
4211.634929 1.006448
4211.834921 1.001073
4212.034914 0.990927
4212.234906 1.012830
4212.434898 0.988317
4212.634890 0.998217
4212.834882 1.047344
4213.034874 1.008526
4213.234866 1.018420
4213.434859 0.992718
4213.634851 1.024260
4213.834843 1.017698
4214.034835 0.990517
4214.234827 1.007836
4214.434819 1.006000
4214.634812 1.022204
4214.834804 1.006248
4215.034796 1.005419
4215.234788 0.985695
4215.434780 0.978911
4215.634772 1.012478
4215.834765 1.010813
4216.034757 0.986378
4216.234749 1.023131
4216.434741 1.070349
4216.634733 1.035042
4216.834725 1.000491
4217.034718 0.991510
4217.234710 1.028083
4217.434702 1.018847
4217.634694 1.025322
4217.834686 1.052128
4218.034678 1.028953
4218.234671 1.013465
4218.434663 1.043045
4218.634655 1.042773
4218.834647 1.044209
4219.034639 1.021943
4219.234631 0.966543
4219.434623 1.017166
4219.634616 0.991272
4219.834608 0.998665
4220.034600 1.007492
4220.234592 1.029713
4220.434584 1.015178
4220.634576 1.053379
4220.834569 1.052019
4221.034561 1.021734
4221.234553 0.947638
4221.434545 1.026453
4221.634537 1.023939
4221.834529 1.013280
4222.034522 1.000834
4222.234514 0.980611
4222.434506 1.008038
4222.634498 0.963086
4222.834490 1.013259
4223.034482 1.032679
4223.234475 0.985681
4223.434467 0.999905
4223.634459 0.988461
4223.834451 1.012488
4224.034443 0.995009
4224.234435 1.001975
4224.434428 1.048598
4224.634420 0.997342
4224.834412 1.004001
4225.034404 1.008612
4225.234396 0.971380
4225.434388 1.009140
4225.634380 0.973530
4225.834373 1.009106
4226.034365 1.040990
4226.234357 1.001210
4226.434349 1.018606
4226.634341 1.017652
4226.834333 0.986316
4227.034326 1.045493
4227.234318 1.025610
4227.434310 1.037477
4227.634302 1.006626
4227.834294 0.973642
4228.034286 0.994353
4228.234279 0.986912
4228.434271 0.972527
4228.634263 1.034405
4228.834255 1.008574
4229.034247 0.999493
4229.234239 1.051616
4229.434232 1.028904
4229.634224 1.004530
4229.834216 0.993770
4230.034208 1.003046
4230.234200 1.021355
4230.434192 1.040239
4230.634185 1.016251
4230.834177 1.048591
4231.034169 1.013377
4231.234161 1.049892
4231.434153 1.028110
4231.634145 1.001009
4231.834137 1.089652
4232.034130 1.018956
4232.234122 0.985130
4232.434114 1.031205
4232.634106 1.030377
4232.834098 0.962368
4233.034090 0.983852
4233.234083 1.014512
4233.434075 0.979292
4233.634067 0.974579
4233.834059 1.082090
4234.034051 1.033162
4234.234043 1.025944
4234.434036 1.023242
4234.634028 1.017727
4234.834020 1.028541
4235.034012 1.013292
4235.234004 1.058814
4235.433996 1.019466
4235.633989 1.021276
4235.833981 1.022084
4236.033973 1.011742
4236.233965 1.055123
4236.433957 1.057796
4236.633949 1.024547
4236.833942 1.009129
4237.033934 0.979686
4237.233926 1.024325
4237.433918 1.074517
4237.633910 0.996621
4237.833902 0.987247
4238.033895 0.989970
4238.233887 1.029661
4238.433879 1.011000
4238.633871 1.030801
4238.833863 1.029129
4239.033855 1.002564
4239.233847 0.969863
4239.433840 1.009472
4239.633832 1.045907
4239.833824 1.027714
4240.033816 1.031771
4240.233808 0.965522
4240.433800 1.013054
4240.633793 1.032714
4240.833785 0.985247
4241.033777 0.986800
4241.233769 0.990508
4241.433761 1.025201
4241.633753 0.969080
4241.833746 1.002710
4242.033738 1.008031
4242.233730 0.977798
4242.433722 1.055012
4242.633714 1.040851
4242.833706 1.003160
4243.033699 1.019976
4243.233691 0.997362
4243.433683 0.943464
4243.633675 1.017729
4243.833667 1.009849
4244.033659 0.997683
4244.233652 1.018648
4244.433644 1.029856
4244.633636 1.024575
4244.833628 1.018272
4245.033620 0.979760
4245.233612 0.987828
4245.433604 0.961433
4245.633597 1.014778
4245.833589 0.983563
4246.033581 0.980790
4246.233573 1.014437
4246.433565 0.974009
4246.633557 1.002263
4246.833550 0.940116
4247.033542 1.026800
4247.233534 1.020069
4247.433526 1.006915
4247.633518 1.005452
4247.833510 1.016689
4248.033503 0.989272
4248.233495 0.971188
4248.433487 0.998978
4248.633479 1.016053
4248.833471 0.956273
4249.033463 1.033127
4249.233456 0.996998
4249.433448 0.980008
4249.633440 1.019883
4249.833432 1.021519
4250.033424 0.980487
4250.233416 0.975366
4250.433409 0.993659
4250.633401 1.052520
4250.833393 1.013137
4251.033385 1.001674
4251.233377 0.990872
4251.433369 1.013653
4251.633361 1.016680
4251.833354 1.024908
4252.033346 1.023641
4252.233338 1.030843
4252.433330 0.987365
4252.633322 0.974806
4252.833314 1.008690
4253.033307 0.999015
4253.233299 1.019380
4253.433291 1.014261
4253.633283 1.029436
4253.833275 1.034170
4254.033267 1.029786
4254.233260 0.995508
4254.433252 0.979863
4254.633244 1.035280
4254.833236 0.971850
4255.033228 0.973717
4255.233220 0.947814
4255.433213 1.013719
4255.633205 1.018592
4255.833197 0.952437
4256.033189 0.993608
4256.233181 1.052494
4256.433173 0.995290
4256.633166 0.966405
4256.833158 1.002790
4257.033150 1.004674
4257.233142 0.958640
4257.433134 1.002907
4257.633126 0.968084
4257.833118 0.995499
4258.033111 0.978808
4258.233103 1.012967
4258.433095 1.024612
4258.633087 1.001641
4258.833079 1.007836
4259.033071 1.055452
4259.233064 1.007418
4259.433056 1.043380
4259.633048 1.030585
4259.833040 1.003760
4260.033032 1.022774
4260.233024 1.049941
4260.433017 0.967683
4260.633009 1.000216
4260.833001 1.007980
4261.032993 1.018028
4261.232985 1.016433
4261.432977 1.031776
4261.632970 1.032650
4261.832962 1.054674
4262.032954 1.051160
4262.232946 1.035867
4262.432938 1.050786
4262.632930 1.005615
4262.832923 1.046663
4263.032915 1.024678
4263.232907 0.997582
4263.432899 1.010766
4263.632891 0.993252
4263.832883 1.035420
4264.032875 1.013061
4264.232868 0.922372
4264.432860 1.019457
4264.632852 0.997891
4264.832844 1.013882
4265.032836 1.042377
4265.232828 0.990622
4265.432821 0.993507
4265.632813 1.006381
4265.832805 0.963177
4266.032797 1.016589
4266.232789 1.016625
4266.432781 1.003602
4266.632774 1.018505
4266.832766 1.014757
4267.032758 1.014023
4267.232750 0.998922
4267.432742 1.011022
4267.632734 0.982826
4267.832727 1.010009
4268.032719 1.028175
4268.232711 1.032459
4268.432703 1.025783
4268.632695 1.002493
4268.832687 1.023685
4269.032680 1.023872
4269.232672 0.971259
4269.432664 1.032340
4269.632656 0.927893
4269.832648 1.027865
4270.032640 0.985450
4270.232633 1.004912
4270.432625 1.028927
4270.632617 1.052457
4270.832609 0.971716
4271.032601 1.006337
4271.232593 0.977460
4271.432585 0.939233
4271.632578 0.975155
4271.832570 1.031355
4272.032562 1.011912
4272.232554 1.034833
4272.432546 1.001579
4272.632538 0.977776
4272.832531 0.987810
4273.032523 1.003785
4273.232515 1.006300
4273.432507 1.042400
4273.632499 1.051860
4273.832491 1.042181
4274.032484 1.019818
4274.232476 1.005178
4274.432468 0.953282
4274.632460 1.009945
4274.832452 1.035938
4275.032444 1.014407
4275.232437 0.968963
4275.432429 0.952480
4275.632421 0.970902
4275.832413 0.958769
4276.032405 1.040793
4276.232397 0.996652
4276.432390 0.982404
4276.632382 0.989926
4276.832374 0.972143
4277.032366 1.042011
4277.232358 1.003920
4277.432350 1.007385
4277.632342 1.022575
4277.832335 0.994579
4278.032327 0.971535
4278.232319 0.945513
4278.432311 1.020466
4278.632303 0.981523
4278.832295 1.039121
4279.032288 0.931133
4279.232280 0.956867
4279.432272 0.945742
4279.632264 1.012140
4279.832256 1.015228
4280.032248 0.988981
4280.232241 0.993769
4280.432233 0.994465
4280.632225 0.984937
4280.832217 1.006478
4281.032209 0.993084
4281.232201 1.008391
4281.432194 0.994351
4281.632186 1.040970
4281.832178 1.024076
4282.032170 0.998709
4282.232162 0.951689
4282.432154 0.913007
4282.632147 1.064463
4282.832139 0.976511
4283.032131 1.052985
4283.232123 1.003845
4283.432115 0.989581
4283.632107 0.977003
4283.832099 0.940427
4284.032092 1.008053
4284.232084 0.985456
4284.432076 1.023081
4284.632068 0.997105
4284.832060 0.982380
4285.032052 0.996396
4285.232045 1.019439
4285.432037 1.032041
4285.632029 1.074065
4285.832021 0.949596
4286.032013 0.971123
4286.232005 0.999282
4286.431998 0.972140
4286.631990 0.969064
4286.831982 0.955267
4287.031974 0.982971
4287.231966 1.028324
4287.431958 1.043095
4287.631951 1.065644
4287.831943 1.017564
4288.031935 1.025359
4288.231927 0.984328
4288.431919 0.983487
4288.631911 1.016267
4288.831904 1.008153
4289.031896 0.996706
4289.231888 1.002894
4289.431880 0.928340
4289.631872 1.017941
4289.831864 0.993414
4290.031856 0.997722
4290.231849 1.033146
4290.431841 1.010390
4290.631833 1.038694
4290.831825 1.003513
4291.031817 1.023950
4291.231809 0.979277
4291.431802 1.035731
4291.631794 1.012844
4291.831786 1.007134
4292.031778 1.002487
4292.231770 1.006264
4292.431762 1.001071
4292.631755 1.035339
4292.831747 0.983400
4293.031739 0.980803
4293.231731 1.018532
4293.431723 0.983750
4293.631715 1.007181
4293.831708 0.973128
4294.031700 1.005304
4294.231692 0.962247
4294.431684 1.008566
4294.631676 0.996526
4294.831668 0.985893
4295.031661 1.015856
4295.231653 1.038969
4295.431645 1.002726
4295.631637 1.011462
4295.831629 1.013439
4296.031621 1.023773
4296.231613 0.999364
4296.431606 1.015235
4296.631598 1.004162
4296.831590 0.998323
4297.031582 0.980496
4297.231574 1.010365
4297.431566 0.981315
4297.631559 0.984768
4297.831551 1.007113
4298.031543 1.039926
4298.231535 0.934613
4298.431527 1.021202
4298.631519 1.012997
4298.831512 0.980311
4299.031504 1.065454
4299.231496 1.044055
4299.431488 0.975741
4299.631480 0.995131
4299.831472 1.009930
4300.031465 1.021804
4300.231457 1.017894
4300.431449 0.988754
4300.631441 0.977543
4300.831433 0.946702
4301.031425 1.013426
4301.231418 1.049577
4301.431410 1.005562
4301.631402 1.019109
4301.831394 1.012909
4302.031386 1.044554
4302.231378 1.014261
4302.431371 1.006275
4302.631363 1.020904
4302.831355 0.996542
4303.031347 1.017621
4303.231339 1.013017
4303.431331 1.013498
4303.631323 0.981694
4303.831316 0.985052
4304.031308 1.029539
4304.231300 1.086450
4304.431292 0.993761
4304.631284 0.997028
4304.831276 1.027027
4305.031269 1.012091
4305.231261 1.003151
4305.431253 0.955252
4305.631245 0.989186
4305.831237 1.020897
4306.031229 0.969235
4306.231222 0.980620
4306.431214 0.987872
4306.631206 0.966893
4306.831198 0.973885
4307.031190 0.977380
4307.231182 0.974472
4307.431175 0.995059
4307.631167 0.981641
4307.831159 0.992707
4308.031151 0.989332
4308.231143 1.021539
4308.431135 0.968616
4308.631128 1.014948
4308.831120 0.952008
4309.031112 0.967527
4309.231104 1.000489
4309.431096 1.013716
4309.631088 0.970489
4309.831080 1.031830
4310.031073 0.961063
4310.231065 0.975163
4310.431057 1.012493
4310.631049 0.977679
4310.831041 0.972342
4311.031033 0.979213
4311.231026 0.968150
4311.431018 0.957880
4311.631010 1.016412
4311.831002 0.963521
4312.030994 0.994846
4312.230986 0.984587
4312.430979 0.989311
4312.630971 0.975886
4312.830963 0.969179
4313.030955 1.036084
4313.230947 0.965682
4313.430939 0.972629
4313.630932 0.955999
4313.830924 0.974550
4314.030916 1.019053
4314.230908 0.975443
4314.430900 1.048428
4314.630892 0.960532
4314.830885 0.969991
4315.030877 1.018127
4315.230869 1.015279
4315.430861 0.979708
4315.630853 0.957068
4315.830845 0.996819
4316.030837 1.043686
4316.230830 1.035622
4316.430822 0.962229
4316.630814 1.035002
4316.830806 0.996297
4317.030798 1.011835
4317.230790 0.993650
4317.430783 0.987144
4317.630775 0.955072
4317.830767 0.973712
4318.030759 1.063762
4318.230751 0.998780
4318.430743 0.988893
4318.630736 1.031247
4318.830728 0.993048
4319.030720 0.959828
4319.230712 0.971068
4319.430704 1.007016
4319.630696 0.981024
4319.830689 0.984291
4320.030681 1.007501
4320.230673 1.016650
4320.430665 0.967355
4320.630657 1.005575
4320.830649 0.996418
4321.030642 1.001897
4321.230634 0.969409
4321.430626 0.987313
4321.630618 1.007812
4321.830610 0.984471
4322.030602 0.954447
4322.230594 1.015429
4322.430587 0.995701
4322.630579 1.038664
4322.830571 1.006184
4323.030563 0.982346
4323.230555 0.980769
4323.430547 0.941635
4323.630540 1.050042
4323.830532 1.006306
4324.030524 0.979011
4324.230516 1.043995
4324.430508 1.030228
4324.630500 0.966646
4324.830493 1.009421
4325.030485 0.959404
4325.230477 1.050786
4325.430469 0.996350
4325.630461 0.964317
4325.830453 0.977826
4326.030446 0.945869
4326.230438 1.009109
4326.430430 1.006547
4326.630422 0.973985
4326.830414 1.034919
4327.030406 0.989101
4327.230399 0.968924
4327.430391 0.961231
4327.630383 0.966497
4327.830375 0.903316
4328.030367 1.002786
4328.230359 0.969887
4328.430352 1.037820
4328.630344 0.992965
4328.830336 0.981894
4329.030328 0.966819
4329.230320 0.933013
4329.430312 0.936119
4329.630304 0.958262
4329.830297 0.955721
4330.030289 0.956976
4330.230281 0.889448
4330.430273 0.959505
4330.630265 1.000893
4330.830257 0.951093
4331.030250 0.940396
4331.230242 0.930347
4331.430234 0.948549
4331.630226 0.953104
4331.830218 0.920338
4332.030210 0.960659
4332.230203 0.949435
4332.430195 0.954349
4332.630187 0.913487
4332.830179 0.986139
4333.030171 0.955356
4333.230163 0.914263
4333.430156 0.981735
4333.630148 0.943359
4333.830140 0.948115
4334.030132 0.896497
4334.230124 0.939550
4334.430116 0.917264
4334.630109 0.916700
4334.830101 0.912215
4335.030093 0.901817
4335.230085 0.908049
4335.430077 0.932242
4335.630069 0.904386
4335.830061 0.912033
4336.030054 0.889132
4336.230046 0.895614
4336.430038 0.862757
4336.630030 0.866125
4336.830022 0.854289
4337.030014 0.837820
4337.230007 0.854007
4337.429999 0.890922
4337.629991 0.849804
4337.829983 0.849617
4338.029975 0.858275
4338.229967 0.799109
4338.429960 0.819970
4338.629952 0.854354
4338.829944 0.806010
4339.029936 0.761152
4339.229928 0.839825
4339.429920 0.805744
4339.629913 0.783787
4339.829905 0.746071
4340.029897 0.783824
4340.229889 0.716289
4340.429881 0.756171
4340.629873 0.739445
4340.829866 0.712865
4341.029858 0.705924
4341.229850 0.660010
4341.429842 0.672855
4341.629834 0.709175
4341.829826 0.594565
4342.029818 0.644707
4342.229811 0.635528
4342.429803 0.648159
4342.629795 0.666797
4342.829787 0.676220
4343.029779 0.696914
4343.229771 0.696403
4343.429764 0.672247
4343.629756 0.611168
4343.829748 0.609617
4344.029740 0.667711
4344.229732 0.665641
4344.429724 0.647377
4344.629717 0.630148
4344.829709 0.703372
4345.029701 0.680950
4345.229693 0.679127
4345.429685 0.677887
4345.629677 0.750392
4345.829670 0.760876
4346.029662 0.742198
4346.229654 0.726715
4346.429646 0.738428
4346.629638 0.705575
4346.829630 0.715464
4347.029623 0.748289
4347.229615 0.768062
4347.429607 0.790968
4347.629599 0.837893
4347.829591 0.816447
4348.029583 0.824177
4348.229575 0.851891
4348.429568 0.854283
4348.629560 0.853442
4348.829552 0.863299
4349.029544 0.895365
4349.229536 0.869124
4349.429528 0.869205
4349.629521 0.859794
4349.829513 0.861142
4350.029505 0.862010
4350.229497 0.893024
4350.429489 0.841436
4350.629481 0.882096
4350.829474 0.889708
4351.029466 0.846404
4351.229458 0.945959
4351.429450 0.885071
4351.629442 0.935745
4351.829434 0.854155
4352.029427 0.867257
4352.229419 0.870168
4352.429411 0.949847
4352.629403 0.915476
4352.829395 0.930719
4353.029387 0.915046
4353.229380 0.941563
4353.429372 0.946763
4353.629364 0.978638
4353.829356 0.968459
4354.029348 0.922997
4354.229340 0.931800
4354.429332 0.936443
4354.629325 0.920973
4354.829317 0.936223
4355.029309 0.958694
4355.229301 0.952603
4355.429293 0.983376
4355.629285 0.926770
4355.829278 0.943508
4356.029270 0.995050
4356.229262 0.988342
4356.429254 0.934981
4356.629246 0.995099
4356.829238 0.967056
4357.029231 0.941764
4357.229223 0.901458
4357.429215 0.970126
4357.629207 0.975400
4357.829199 0.939906
4358.029191 0.978572
4358.229184 0.982099
4358.429176 1.005627
4358.629168 0.996441
4358.829160 1.030125
4359.029152 0.966900
4359.229144 0.961509
4359.429137 1.008914
4359.629129 0.959381
4359.829121 0.994466
4360.029113 1.024331
4360.229105 1.031641
4360.429097 0.989484
4360.629090 0.996775
4360.829082 0.995780
4361.029074 0.992240
4361.229066 1.021908
4361.429058 1.002231
4361.629050 0.969844
4361.829042 1.025403
4362.029035 0.963701
4362.229027 0.966667
4362.429019 1.036353
4362.629011 1.000361
4362.829003 1.013960
4363.028995 0.958820
4363.228988 1.004882
4363.428980 0.965118
4363.628972 1.031509
4363.828964 0.991828
4364.028956 0.994950
4364.228948 1.027468
4364.428941 0.994896
4364.628933 0.962064
4364.828925 1.001154
4365.028917 0.986989
4365.228909 0.985079
4365.428901 0.995618
4365.628894 1.006504
4365.828886 0.981486
4366.028878 0.994911
4366.228870 1.016491
4366.428862 1.040537
4366.628854 1.052229
4366.828847 1.012798
4367.028839 0.974325
4367.228831 1.003442
4367.428823 1.033029
4367.628815 0.988310
4367.828807 1.015073
4368.028799 1.001961
4368.228792 0.978558
4368.428784 0.947835
4368.628776 0.997948
4368.828768 0.985277
4369.028760 0.987023
4369.228752 0.969622
4369.428745 0.995033
4369.628737 0.977628
4369.828729 1.006109
4370.028721 1.036382
4370.228713 0.972895
4370.428705 0.960444
4370.628698 1.005046
4370.828690 1.006462
4371.028682 1.026199
4371.228674 1.021436
4371.428666 0.976608
4371.628658 1.004057
4371.828651 1.008518
4372.028643 1.004896
4372.228635 1.005220
4372.428627 1.031374
4372.628619 0.966422
4372.828611 1.020680
4373.028604 0.935620
4373.228596 0.974260
4373.428588 1.001534
4373.628580 1.042225
4373.828572 1.003774
4374.028564 1.005823
4374.228556 0.989737
4374.428549 0.998614
4374.628541 0.977706
4374.828533 0.969465
4375.028525 0.981799
4375.228517 1.015533
4375.428509 0.992116
4375.628502 1.012827
4375.828494 1.021902
4376.028486 0.988652
4376.228478 1.017518
4376.428470 1.047488
4376.628462 0.968059
4376.828455 1.000246
4377.028447 1.057724
4377.228439 1.036749
4377.428431 1.028226
4377.628423 0.981115
4377.828415 1.009051
4378.028408 0.983794
4378.228400 0.977426
4378.428392 1.022777
4378.628384 0.982214
4378.828376 1.015717
4379.028368 0.978277
4379.228361 0.976260
4379.428353 1.021134
4379.628345 1.008005
4379.828337 1.013908
4380.028329 1.024462
4380.228321 0.998727
4380.428313 0.963412
4380.628306 1.048567
4380.828298 0.970621
4381.028290 0.990331
4381.228282 0.989381
4381.428274 0.977000
4381.628266 1.012156
4381.828259 1.030709
4382.028251 1.032922
4382.228243 0.987931
4382.428235 1.066880
4382.628227 1.031087
4382.828219 0.998312
4383.028212 1.017987
4383.228204 1.041796
4383.428196 1.015825
4383.628188 0.991984
4383.828180 0.958439
4384.028172 0.964451
4384.228165 1.006574
4384.428157 1.020204
4384.628149 0.990990
4384.828141 0.990782
4385.028133 1.012816
4385.228125 0.974579
4385.428118 1.004868
4385.628110 1.011826
4385.828102 0.983730
4386.028094 1.012800
4386.228086 0.987636
4386.428078 0.996858
4386.628071 1.048551
4386.828063 0.998769
4387.028055 0.986596
4387.228047 0.997007
4387.428039 0.983294
4387.628031 0.971178
4387.828023 0.918007
4388.028016 1.013135
4388.228008 0.940303
4388.428000 0.937566
4388.627992 0.946487
4388.827984 0.950223
4389.027976 0.949250
4389.227969 0.908947
4389.427961 0.887911
4389.627953 0.877834
4389.827945 0.837976
4390.027937 0.846052
4390.227929 0.838835
4390.427922 0.871071
4390.627914 0.837067
4390.827906 0.822501
4391.027898 0.819402
4391.227890 0.839951
4391.427882 0.890504
4391.627875 0.886295
4391.827867 0.912155
4392.027859 0.870893
4392.227851 0.915528
4392.427843 0.910658
4392.627835 0.923591
4392.827828 0.919554
4393.027820 0.956036
4393.227812 0.999195
4393.427804 0.956839
4393.627796 0.990187
4393.827788 0.986345
4394.027780 0.945565
4394.227773 0.967294
4394.427765 0.998276
4394.627757 0.977067
4394.827749 0.966365
4395.027741 1.021110
4395.227733 0.987047
4395.427726 1.005805
4395.627718 0.994890
4395.827710 0.976496
4396.027702 1.043900
4396.227694 1.013710
4396.427686 1.002115
4396.627679 1.002198
4396.827671 1.003685
4397.027663 0.992742
4397.227655 1.027542
4397.427647 0.978135
4397.627639 1.024488
4397.827632 0.992913
4398.027624 1.006499
4398.227616 1.015510
4398.427608 1.018674
4398.627600 0.929940
4398.827592 0.991144
4399.027585 0.991950
4399.227577 1.046781
4399.427569 0.996216
4399.627561 1.030761
4399.827553 1.061470
4400.027545 1.002254
4400.227537 0.961300
4400.427530 1.005957
4400.627522 1.026223
4400.827514 1.030909
4401.027506 1.014604
4401.227498 0.967834
4401.427490 1.016660
4401.627483 0.997857
4401.827475 0.972550
4402.027467 1.035767
4402.227459 1.044539
4402.427451 1.075168
4402.627443 0.995713
4402.827436 0.983013
4403.027428 1.026410
4403.227420 1.009739
4403.427412 1.001606
4403.627404 0.959412
4403.827396 1.006973
4404.027389 1.020117
4404.227381 1.008645
4404.427373 0.984808
4404.627365 1.041682
4404.827357 1.003303
4405.027349 1.065872
4405.227342 0.986882
4405.427334 1.009203
4405.627326 1.065428
4405.827318 0.984937
4406.027310 1.017429
4406.227302 0.995010
4406.427294 1.015540
4406.627287 1.050234
4406.827279 0.952987
4407.027271 1.031140
4407.227263 1.012227
4407.427255 1.023184
4407.627247 1.053375
4407.827240 1.039678
4408.027232 0.965439
4408.227224 1.001258
4408.427216 0.982903
4408.627208 1.026444
4408.827200 1.034368
4409.027193 0.962310
4409.227185 1.062297
4409.427177 1.032804
4409.627169 1.032351
4409.827161 0.974563
4410.027153 0.975914
4410.227146 1.010154
4410.427138 1.008685
4410.627130 1.000037
4410.827122 1.001323
4411.027114 1.047575
4411.227106 0.979667
4411.427099 1.015988
4411.627091 0.971349
4411.827083 0.994680
4412.027075 0.975329
4412.227067 0.996908
4412.427059 1.005139
4412.627051 1.044199
4412.827044 0.984229
4413.027036 1.050854
4413.227028 0.995027
4413.427020 1.025644
4413.627012 0.987428
4413.827004 0.994841
4414.026997 1.049494
4414.226989 1.000006
4414.426981 1.005154
4414.626973 1.010163
4414.826965 0.981658
4415.026957 1.011373
4415.226950 0.947438
4415.426942 1.061975
4415.626934 1.020657
4415.826926 1.017825
4416.026918 1.018474
4416.226910 0.986186
4416.426903 0.954804
4416.626895 0.970992
4416.826887 1.016307
4417.026879 0.975747
4417.226871 0.993125
4417.426863 1.017043
4417.626856 1.030995
4417.826848 1.003344
4418.026840 0.963756
4418.226832 0.982414
4418.426824 1.038256
4418.626816 0.978053
4418.826809 0.972970
4419.026801 0.999199
4419.226793 0.971955
4419.426785 0.988678
4419.626777 1.007274
4419.826769 1.054694
4420.026761 0.982589
4420.226754 0.995533
4420.426746 0.981562
4420.626738 1.024459
4420.826730 1.013031
4421.026722 0.939830
4421.226714 0.999320
4421.426707 1.029098
4421.626699 0.989736
4421.826691 0.982730
4422.026683 1.000426
4422.226675 0.975417
4422.426667 0.974427
4422.626660 0.956049
4422.826652 1.038030
4423.026644 1.004422
4423.226636 1.021163
4423.426628 1.037694
4423.626620 0.968207
4423.826613 1.035360
4424.026605 1.041742
4424.226597 1.015638
4424.426589 1.011414
4424.626581 0.992782
4424.826573 1.047410
4425.026566 1.040019
4425.226558 0.946582
4425.426550 0.984772
4425.626542 1.003455
4425.826534 1.027084
4426.026526 1.028996
4426.226518 1.003152
4426.426511 1.024796
4426.626503 1.013501
4426.826495 0.992189
4427.026487 1.004690
4427.226479 1.025784
4427.426471 1.008683
4427.626464 1.007375
4427.826456 0.983713
4428.026448 0.979259
4428.226440 0.978840
4428.426432 1.003434
4428.626424 1.058679
4428.826417 0.988252
4429.026409 1.024784
4429.226401 0.978608
4429.426393 1.034393
4429.626385 0.978876
4429.826377 1.022964
4430.026370 0.975838
4430.226362 1.002195
4430.426354 1.041155
4430.626346 1.002044
4430.826338 0.988333
4431.026330 0.989745
4431.226323 0.983481
4431.426315 0.950095
4431.626307 1.028973
4431.826299 1.012902
4432.026291 0.976357
4432.226283 1.011470
4432.426275 0.990247
4432.626268 1.016423
4432.826260 1.044404
4433.026252 0.993443
4433.226244 1.024736
4433.426236 0.996721
4433.626228 1.045629
4433.826221 0.968314
4434.026213 1.003919
4434.226205 0.974321
4434.426197 1.000159
4434.626189 1.003757
4434.826181 1.033194
4435.026174 1.021031
4435.226166 0.974585
4435.426158 0.976189
4435.626150 0.977081
4435.826142 1.007450
4436.026134 1.034243
4436.226127 1.051187
4436.426119 1.027397
4436.626111 1.009140
4436.826103 1.009378
4437.026095 1.015737
4437.226087 1.005094
4437.426080 1.045964
4437.626072 0.998503
4437.826064 1.036496
4438.026056 1.003074
4438.226048 0.952850
4438.426040 1.046118
4438.626032 1.063372
4438.826025 0.990230
4439.026017 1.005391
4439.226009 0.987845
4439.426001 0.977576
4439.625993 0.983824
4439.825985 1.000581
4440.025978 0.906439
4440.225970 1.003936
4440.425962 0.939719
4440.625954 0.958633
4440.825946 0.959823
4441.025938 0.983545
4441.225931 0.992059
4441.425923 0.957513
4441.625915 1.010099
4441.825907 1.006076
4442.025899 0.983723
4442.225891 1.039732
4442.425884 1.006545
4442.625876 0.969424
4442.825868 1.006679
4443.025860 1.016559
4443.225852 1.050689
4443.425844 1.053721
4443.625837 1.044055
4443.825829 1.005575
4444.025821 0.972289
4444.225813 1.015598
4444.425805 1.009403
4444.625797 0.959183
4444.825789 0.978646
4445.025782 1.017077
4445.225774 0.963810
4445.425766 1.019779
4445.625758 0.985555
4445.825750 0.997983
4446.025742 0.989921
4446.225735 0.979593
4446.425727 1.031805
4446.625719 0.994304
4446.825711 0.986033
4447.025703 1.023349
4447.225695 1.036140
4447.425688 1.001128
4447.625680 1.009822
4447.825672 1.022345
4448.025664 1.027281
4448.225656 0.998268
4448.425648 1.000875
4448.625641 1.012675
4448.825633 0.973415
4449.025625 0.926340
4449.225617 0.987271
4449.425609 1.044927
4449.625601 0.961527
4449.825594 1.025928
4450.025586 1.045923
4450.225578 0.988797
4450.425570 1.031561
4450.625562 0.948200
4450.825554 1.019286
4451.025547 1.009498
4451.225539 1.042767
4451.425531 0.979584
4451.625523 1.013870
4451.825515 0.999797
4452.025507 1.009275
4452.225499 0.999171
4452.425492 1.002711
4452.625484 1.002033
4452.825476 1.009245
4453.025468 0.987806
4453.225460 0.997385
4453.425452 1.019089
4453.625445 1.006250
4453.825437 0.973154
4454.025429 0.961751
4454.225421 1.015940
4454.425413 0.961534
4454.625405 1.019009
4454.825398 1.031820
4455.025390 0.967237
4455.225382 1.011858
4455.425374 1.066646
4455.625366 0.997928
4455.825358 1.052175
4456.025351 1.097434
4456.225343 0.998647
4456.425335 0.994546
4456.625327 1.001016
4456.825319 1.010047
4457.025311 0.968107
4457.225304 1.039529
4457.425296 1.019691
4457.625288 1.011591
4457.825280 1.033782
4458.025272 1.051048
4458.225264 1.005982
4458.425256 1.038080
4458.625249 1.054239
4458.825241 0.963005
4459.025233 1.054598
4459.225225 1.062168
4459.425217 0.991507
4459.625209 1.007074
4459.825202 0.968238
4460.025194 1.026392
4460.225186 1.033891
4460.425178 1.011859
4460.625170 1.033109
4460.825162 0.999241
4461.025155 1.021425
4461.225147 1.004687
4461.425139 1.046445
4461.625131 1.022158
4461.825123 1.019797
4462.025115 1.005153
4462.225108 1.028648
4462.425100 0.987122
4462.625092 1.058497
4462.825084 1.025280
4463.025076 0.974278
4463.225068 1.034622
4463.425061 1.021396
4463.625053 0.961976
4463.825045 1.006258
4464.025037 1.022665
4464.225029 0.971559
4464.425021 0.982412
4464.625013 1.024595
4464.825006 1.039193
4465.024998 0.975235
4465.224990 1.042304
4465.424982 1.022411
4465.624974 0.998532
4465.824966 1.029251
4466.024959 1.019263
4466.224951 1.045067
4466.424943 1.003954
4466.624935 1.010121
4466.824927 0.998640
4467.024919 1.035596
4467.224912 1.008937
4467.424904 1.016911
4467.624896 0.984191
4467.824888 1.036201
4468.024880 0.992498
4468.224872 0.946105
4468.424865 1.047465
4468.624857 0.979697
4468.824849 0.952329
4469.024841 0.980959
4469.224833 0.983122
4469.424825 0.936750
4469.624818 0.971518
4469.824810 0.958702
4470.024802 0.954384
4470.224794 0.955262
4470.424786 0.947110
4470.624778 0.962261
4470.824770 0.984512
4471.024763 0.999291
4471.224755 0.903200
4471.424747 0.957625
4471.624739 0.957742
4471.824731 0.905058
4472.024723 0.928355
4472.224716 0.846004
4472.424708 0.865130
4472.624700 0.883602
4472.824692 0.842653
4473.024684 0.799779
4473.224676 0.816257
4473.424669 0.823631
4473.624661 0.828460
4473.824653 0.836111
4474.024645 0.796477
4474.224637 0.790518
4474.424629 0.824494
4474.624622 0.796646
4474.824614 0.858747
4475.024606 0.786047
4475.224598 0.824659
4475.424590 0.823496
4475.624582 0.832910
4475.824575 0.913147
4476.024567 0.879753
4476.224559 0.939363
4476.424551 0.942157
4476.624543 0.911375
4476.824535 0.963582
4477.024528 0.950226
4477.224520 0.987081
4477.424512 0.913657
4477.624504 0.970558
4477.824496 0.965813
4478.024488 0.928680
4478.224480 0.949034
4478.424473 1.009510
4478.624465 1.078953
4478.824457 1.002560
4479.024449 1.019734
4479.224441 0.979525
4479.424433 0.966274
4479.624426 0.942627
4479.824418 1.031860
4480.024410 0.943328
4480.224402 0.938006
4480.424394 0.982059
4480.624386 1.030417
4480.824379 0.962029
4481.024371 1.017886
4481.224363 0.994599
4481.424355 0.989162
4481.624347 1.023854
4481.824339 1.015514
4482.024332 1.042135
4482.224324 1.014180
4482.424316 0.976621
4482.624308 0.985650
4482.824300 1.027126
4483.024292 0.998134
4483.224285 0.986067
4483.424277 0.968812
4483.624269 0.960643
4483.824261 0.997037
4484.024253 1.027696
4484.224245 0.992527
4484.424237 0.965240
4484.624230 0.969378
4484.824222 1.006313
4485.024214 0.986742
4485.224206 0.968248
4485.424198 0.934030
4485.624190 0.995841
4485.824183 0.955860
4486.024175 1.001877
4486.224167 1.003262
4486.424159 0.997276
4486.624151 0.999675
4486.824143 0.998818
4487.024136 1.002240
4487.224128 1.024769
4487.424120 0.942186
4487.624112 0.984213
4487.824104 0.984403
4488.024096 0.986799
4488.224089 0.985203
4488.424081 0.954627
4488.624073 1.035035
4488.824065 0.993379
4489.024057 1.069348
4489.224049 1.008453
4489.424042 1.020156
4489.624034 1.033766
4489.824026 0.984842
4490.024018 1.032638
4490.224010 1.026579
4490.424002 1.035297
4490.623994 1.081446
4490.823987 1.031125
4491.023979 0.937071
4491.223971 1.012088
4491.423963 1.013400
4491.623955 1.026273
4491.823947 0.965644
4492.023940 0.951971
4492.223932 0.975760
4492.423924 1.042265
4492.623916 1.035063
4492.823908 1.002176
4493.023900 1.062508
4493.223893 1.043966
4493.423885 0.956301
4493.623877 0.985656
4493.823869 0.962533
4494.023861 1.026866
4494.223853 0.995586
4494.423846 1.020480
4494.623838 0.990712
4494.823830 1.032716
4495.023822 0.924042
4495.223814 0.996969
4495.423806 1.003450
4495.623799 0.985738
4495.823791 1.030325
4496.023783 1.048963
4496.223775 0.987542
4496.423767 1.034587
4496.623759 1.012675
4496.823751 1.017063
4497.023744 0.956407
4497.223736 1.015611
4497.423728 1.037772
4497.623720 0.977236
4497.823712 0.985364
4498.023704 0.985947
4498.223697 1.039087
4498.423689 1.100805
4498.623681 1.056597
4498.823673 0.989360
4499.023665 1.003469
4499.223657 0.975860
4499.423650 0.962344
4499.623642 1.010676
4499.823634 0.997713
4500.023626 1.032272
4500.223618 1.000551
4500.423610 1.012822
4500.623603 1.070752
4500.823595 1.024767
4501.023587 1.031533
4501.223579 1.006597
4501.423571 1.037441
4501.623563 1.013765
4501.823556 1.024733
4502.023548 1.018803
4502.223540 0.996663
4502.423532 1.032230
4502.623524 1.084168
4502.823516 1.030980
4503.023508 1.032946
4503.223501 1.055456
4503.423493 0.961720
4503.623485 1.023276
4503.823477 1.059534
4504.023469 1.076241
4504.223461 1.018844
4504.423454 1.001288
4504.623446 1.004687
4504.823438 1.043990
4505.023430 1.061211
4505.223422 1.084950
4505.423414 1.025382
4505.623407 1.050671
4505.823399 1.047065
4506.023391 1.026399
4506.223383 1.039656
4506.423375 1.001878
4506.623367 1.005782
4506.823360 1.036255
4507.023352 1.035595
4507.223344 0.994721
4507.423336 1.015316
4507.623328 1.060105
4507.823320 1.049410
4508.023313 1.013405
4508.223305 1.038583
4508.423297 0.993874
4508.623289 1.054235
4508.823281 1.045755
4509.023273 0.994840
4509.223266 0.990385
4509.423258 1.068849
4509.623250 0.998648
4509.823242 1.001615
4510.023234 1.031524
4510.223226 1.051100
4510.423218 1.023135
4510.623211 0.977741
4510.823203 1.030164
4511.023195 0.968007
4511.223187 0.979925
4511.423179 1.030180
4511.623171 0.989103
4511.823164 0.965923
4512.023156 1.037294
4512.223148 1.060101
4512.423140 1.032116
4512.623132 0.987469
4512.823124 0.935496
4513.023117 1.043139
4513.223109 0.996840
4513.423101 1.042345
4513.623093 1.021732
4513.823085 0.954552
4514.023077 1.011441
4514.223070 0.995058
4514.423062 1.019484
4514.623054 0.945076
4514.823046 0.954000
4515.023038 0.995768
4515.223030 1.005464
4515.423023 1.049187
4515.623015 1.031429
4515.823007 1.019538
4516.022999 1.039472
4516.222991 1.001243
4516.422983 0.976321
4516.622975 0.980223
4516.822968 1.052608
4517.022960 0.973141
4517.222952 0.992575
4517.422944 0.994926
4517.622936 0.959782
4517.822928 0.939733
4518.022921 0.948468
4518.222913 0.977410
4518.422905 0.994103
4518.622897 1.018698
4518.822889 1.036522
4519.022881 1.028899
4519.222874 0.996610
4519.422866 1.093302
4519.622858 0.988235
4519.822850 1.010056
4520.022842 0.970461
4520.222834 1.001365
4520.422827 1.028048
4520.622819 0.968893
4520.822811 0.918379
4521.022803 1.020882
4521.222795 1.039528
4521.422787 0.982840
4521.622780 0.997756
4521.822772 1.101635
4522.022764 0.978263
4522.222756 0.979192
4522.422748 1.010932
4522.622740 0.996956
4522.822732 0.998459
4523.022725 1.009169
4523.222717 0.987971
4523.422709 1.067288
4523.622701 0.992501
4523.822693 0.991566
4524.022685 1.018636
4524.222678 1.037110
4524.422670 1.075722
4524.622662 1.049345
4524.822654 1.047925
4525.022646 1.004424
4525.222638 1.021756
4525.422631 0.995031
4525.622623 1.046093
4525.822615 0.982270
4526.022607 1.010935
4526.222599 0.984864
4526.422591 1.027236
4526.622584 1.026663
4526.822576 1.011983
4527.022568 0.969273
4527.222560 1.011565
4527.422552 1.002026
4527.622544 0.949891
4527.822537 1.081285
4528.022529 1.010415
4528.222521 1.014394
4528.422513 1.012012
4528.622505 1.036318
4528.822497 1.010003
4529.022489 1.024741
4529.222482 1.031457
4529.422474 1.034147
4529.622466 1.046054
4529.822458 1.050452
4530.022450 0.953605
4530.222442 0.966863
4530.422435 1.043112
4530.622427 1.030073
4530.822419 1.052147
4531.022411 1.022691
4531.222403 1.025005
4531.422395 1.053627
4531.622388 1.014288
4531.822380 0.970972
4532.022372 1.010466
4532.222364 0.961255
4532.422356 1.034655
4532.622348 0.968302
4532.822341 1.030417
4533.022333 1.025988
4533.222325 0.963172
4533.422317 0.998199
4533.622309 0.984597
4533.822301 1.049291
4534.022294 1.000442
4534.222286 0.975349
4534.422278 0.965432
4534.622270 0.925448
4534.822262 1.013574
4535.022254 0.966965
4535.222247 0.996133
4535.422239 1.017583
4535.622231 1.009573
4535.822223 1.002347
4536.022215 1.024889
4536.222207 0.956121
4536.422199 0.971845
4536.622192 1.005307
4536.822184 1.014813
4537.022176 0.958027
4537.222168 1.009742
4537.422160 1.005866
4537.622152 1.060932
4537.822145 1.046677
4538.022137 0.997476
4538.222129 1.031101
4538.422121 1.031884
4538.622113 1.017945
4538.822105 0.987873
4539.022098 1.017645
4539.222090 1.006408
4539.422082 0.966016
4539.622074 1.036609
4539.822066 1.000028
4540.022058 1.025979
4540.222051 1.021800
4540.422043 1.012773
4540.622035 1.022599
4540.822027 1.008816
4541.022019 1.011467
4541.222011 0.979571
4541.422004 0.997219
4541.621996 0.987590
4541.821988 1.005113
4542.021980 0.987330
4542.221972 1.009102
4542.421964 1.054911
4542.621956 1.027857
4542.821949 0.952811
4543.021941 1.082838
4543.221933 0.982309
4543.421925 0.993049
4543.621917 1.025778
4543.821909 1.025815
4544.021902 1.082297
4544.221894 0.973385
4544.421886 1.033514
4544.621878 0.960741
4544.821870 0.981695
4545.021862 0.999452
4545.221855 0.989168
4545.421847 1.009048
4545.621839 1.019917
4545.821831 0.987213
4546.021823 1.039764
4546.221815 1.055538
4546.421808 0.991144
4546.621800 0.977668
4546.821792 1.038683
4547.021784 1.013973
4547.221776 1.010709
4547.421768 0.961221
4547.621761 1.009075
4547.821753 1.013080
4548.021745 0.998226
4548.221737 1.025300
4548.421729 0.992244
4548.621721 1.000101
4548.821713 1.001293
4549.021706 1.064377
4549.221698 0.963548
4549.421690 0.977618
4549.621682 1.023731
4549.821674 0.956290
4550.021666 0.948075
4550.221659 1.062401
4550.421651 1.054442
4550.621643 1.025610
4550.821635 0.975860
4551.021627 0.982332
4551.221619 0.969130
4551.421612 1.001372
4551.621604 0.975538
4551.821596 1.002491
4552.021588 1.012571
4552.221580 1.006901
4552.421572 1.008388
4552.621565 0.965859
4552.821557 0.998385
4553.021549 1.010745
4553.221541 0.982815
4553.421533 0.978630
4553.621525 0.945469
4553.821518 1.011515
4554.021510 0.961865
4554.221502 0.984126
4554.421494 0.962282
4554.621486 1.015424
4554.821478 0.950425
4555.021470 0.951070
4555.221463 0.975321
4555.421455 1.037846
4555.621447 1.002470
4555.821439 1.032692
4556.021431 0.956797
4556.221423 1.010358
4556.421416 0.990205
4556.621408 1.000874
4556.821400 0.921951
4557.021392 1.030639
4557.221384 0.991614
4557.421376 0.979441
4557.621369 1.014542
4557.821361 1.028534
4558.021353 1.022286
4558.221345 1.046280
4558.421337 0.966109
4558.621329 1.024188
4558.821322 0.952257
4559.021314 0.996575
4559.221306 1.006742
4559.421298 1.064156
4559.621290 0.992642
4559.821282 0.992286
4560.021275 0.948488
4560.221267 0.990933
4560.421259 0.999419
4560.621251 0.995808
4560.821243 0.999447
4561.021235 1.068729
4561.221227 1.034837
4561.421220 0.968611
4561.621212 0.959229
4561.821204 1.033850
4562.021196 1.029838
4562.221188 0.976024
4562.421180 1.001507
4562.621173 0.978418
4562.821165 0.964341
4563.021157 1.092042
4563.221149 0.978801
4563.421141 0.987567
4563.621133 0.985585
4563.821126 0.992512
4564.021118 1.012736
4564.221110 0.967167
4564.421102 0.869517
4564.621094 1.017392
4564.821086 -0.379457
4565.021079 -0.323555
4565.221071 -0.348186
4565.421063 -0.321420
4565.621055 -0.330478
4565.821047 -0.333468
4566.021039 -0.316602
4566.221032 -0.328911
4566.421024 -0.329159
4566.621016 -0.289594
4566.821008 -0.000005
4567.021000 0.000001
4567.220992 -0.000000
4567.420985 0.000000
4567.620977 -0.000000
4567.820969 0.000000
4568.020961 -0.000000
4568.220953 0.000000
4568.420945 -0.000000
4568.620937 0.000000
4568.820930 -0.000000
4569.020922 0.000000
4569.220914 -0.000000
4569.420906 0.000000
4569.620898 -0.000000
4569.820890 0.000000
4570.020883 -0.000000
4570.220875 0.000000
4570.420867 -0.000000
4570.620859 0.000000
4570.820851 -0.000000
