3959.863762 1.030123
3960.063755 0.961678
3960.263748 1.001365
3960.463741 1.070755
3960.663734 1.006879
3960.863728 0.984370
3961.063721 0.997342
3961.263714 1.001085
3961.463707 1.002623
3961.663700 0.963067
3961.863693 0.973219
3962.063686 0.950239
3962.263679 1.019290
3962.463673 1.066671
3962.663666 0.971675
3962.863659 0.885453
3963.063652 0.972422
3963.263645 0.994162
3963.463638 0.968603
3963.663631 0.898946
3963.863624 0.948762
3964.063618 0.901176
3964.263611 0.873929
3964.463604 0.860248
3964.663597 0.940541
3964.863590 0.875340
3965.063583 0.911454
3965.263576 0.967909
3965.463569 0.917681
3965.663562 0.894567
3965.863556 0.890289
3966.063549 0.879957
3966.263542 0.944235
3966.463535 0.882793
3966.663528 0.885151
3966.863521 0.843476
3967.063514 0.879760
3967.263507 0.905341
3967.463501 0.860595
3967.663494 0.785586
3967.863487 0.823689
3968.063480 0.811407
3968.263473 0.730974
3968.463466 0.720020
3968.663459 0.818259
3968.863452 0.737479
3969.063446 0.709933
3969.263439 0.753968
3969.463432 0.707666
3969.663425 0.727396
3969.863418 0.699732
3970.063411 0.631103
3970.263404 0.563476
3970.463397 0.572409
3970.663390 0.602306
3970.863384 0.737682
3971.063377 0.678533
3971.263370 0.719571
3971.463363 0.677254
3971.663356 0.715176
3971.863349 0.734990
3972.063342 0.691938
3972.263335 0.759356
3972.463329 0.729920
3972.663322 0.723830
3972.863315 0.757180
3973.063308 0.717629
3973.263301 0.746985
3973.463294 0.702525
3973.663287 0.718869
3973.863280 0.733012
3974.063273 0.759125
3974.263267 0.710322
3974.463260 0.758706
3974.663253 0.736617
3974.863246 0.765528
3975.063239 0.828800
3975.263232 0.762911
3975.463225 0.792448
3975.663218 0.815391
3975.863212 0.798459
3976.063205 0.779586
3976.263198 0.819882
3976.463191 0.925656
3976.663184 0.821102
3976.863177 0.763004
3977.063170 0.812132
3977.263163 0.904647
3977.463157 0.802131
3977.663150 0.895205
3977.863143 0.857693
3978.063136 0.854902
3978.263129 0.912593
3978.463122 0.876840
3978.663115 0.947814
3978.863108 0.970130
3979.063101 0.913368
3979.263095 0.873740
3979.463088 0.848589
3979.663081 0.921407
3979.863074 0.884378
3980.063067 0.939711
3980.263060 0.853514
3980.463053 0.948182
3980.663046 0.877391
3980.863040 0.955818
3981.063033 1.049537
3981.263026 0.930128
3981.463019 0.987433
3981.663012 1.013708
3981.863005 0.917357
3982.062998 0.935755
3982.262991 0.946245
3982.462985 0.966191
3982.662978 0.925465
3982.862971 0.967957
3983.062964 1.040375
3983.262957 1.029452
3983.462950 0.932173
3983.662943 0.947788
3983.862936 0.962809
3984.062929 1.051880
3984.262923 0.970979
3984.462916 0.994219
3984.662909 1.031152
3984.862902 0.934139
3985.062895 0.990897
3985.262888 1.048879
3985.462881 1.010134
3985.662874 1.060504
3985.862868 0.980822
3986.062861 0.989401
3986.262854 1.081558
3986.462847 1.002361
3986.662840 1.048803
3986.862833 1.047530
3987.062826 1.016850
3987.262819 1.027667
3987.462812 1.054798
3987.662806 1.121303
3987.862799 1.056314
3988.062792 1.001278
3988.262785 1.019998
3988.462778 1.066928
3988.662771 1.022611
3988.862764 0.982020
3989.062757 1.007185
3989.262751 1.031833
3989.462744 1.007149
3989.662737 1.035800
3989.862730 1.116408
3990.062723 1.002146
3990.262716 1.069022
3990.462709 1.063708
3990.662702 1.043191
3990.862696 0.954538
3991.062689 1.023027
3991.262682 0.969201
3991.462675 1.066887
3991.662668 1.039415
3991.862661 1.025896
3992.062654 0.965228
3992.262647 1.060500
3992.462640 1.076738
3992.662634 1.015774
3992.862627 0.998148
3993.062620 1.113195
3993.262613 1.033364
3993.462606 1.023007
3993.662599 1.016704
3993.862592 1.002488
3994.062585 1.044442
3994.262579 0.927627
3994.462572 0.973154
3994.662565 0.963252
3994.862558 1.001748
3995.062551 0.998986
3995.262544 1.036351
3995.462537 1.000722
3995.662530 1.031636
3995.862523 1.094020
3996.062517 1.038240
3996.262510 1.019181
3996.462503 1.061409
3996.662496 1.096526
3996.862489 0.965993
3997.062482 1.049323
3997.262475 1.031206
3997.462468 1.133098
3997.662462 1.047147
3997.862455 1.014125
3998.062448 0.992669
3998.262441 1.101730
3998.462434 1.009632
3998.662427 0.998392
3998.862420 1.034571
3999.062413 1.028480
3999.262407 1.086915
3999.462400 1.051540
3999.662393 1.058702
3999.862386 1.021280
4000.062379 1.031954
4000.262372 1.028497
4000.462365 1.058529
4000.662358 0.995596
4000.862351 1.035809
4001.062345 1.053704
4001.262338 1.112147
4001.462331 1.010248
4001.662324 1.045627
4001.862317 1.016320
4002.062310 0.994802
4002.262303 1.021762
4002.462296 1.038891
4002.662290 0.978411
4002.862283 0.995331
4003.062276 1.034423
4003.262269 1.056619
4003.462262 1.011353
4003.662255 1.023360
4003.862248 1.057544
4004.062241 0.999345
4004.262235 1.083555
4004.462228 1.023508
4004.662221 1.066412
4004.862214 0.979756
4005.062207 0.998945
4005.262200 0.964313
4005.462193 1.000607
4005.662186 1.088774
4005.862179 1.031843
4006.062173 1.040471
4006.262166 1.037531
4006.462159 0.992164
4006.662152 1.028700
4006.862145 1.062875
4007.062138 1.008305
4007.262131 0.965059
4007.462124 0.987085
4007.662118 1.009585
4007.862111 0.990893
4008.062104 0.955403
4008.262097 0.990491
4008.462090 0.933754
4008.662083 0.965999
4008.862076 0.961164
4009.062069 1.060041
4009.262062 0.950665
4009.462056 1.006956
4009.662049 0.973276
4009.862042 0.899189
4010.062035 0.926680
4010.262028 0.909451
4010.462021 0.914003
4010.662014 0.985052
4010.862007 0.976529
4011.062001 1.031312
4011.261994 1.036718
4011.461987 0.987004
4011.661980 0.898338
4011.861973 1.003170
4012.061966 1.106992
4012.261959 1.019091
4012.461952 0.949194
4012.661946 0.986612
4012.861939 1.000277
4013.061932 0.943210
4013.261925 0.971232
4013.461918 1.037247
4013.661911 0.991668
4013.861904 0.928369
4014.061897 0.969800
4014.261890 0.972502
4014.461884 0.940297
4014.661877 0.995852
4014.861870 1.029390
4015.061863 1.041266
4015.261856 0.962905
4015.461849 0.990991
4015.661842 1.007655
4015.861835 1.012321
4016.061829 1.037443
4016.261822 1.040050
4016.461815 1.036792
4016.661808 1.052887
4016.861801 1.039885
4017.061794 1.029039
4017.261787 1.016360
4017.461780 1.029970
4017.661773 0.949870
4017.861767 1.018519
4018.061760 1.027947
4018.261753 1.005471
4018.461746 1.037725
4018.661739 1.013772
4018.861732 0.980855
4019.061725 1.010552
4019.261718 0.935343
4019.461712 1.030853
4019.661705 0.967265
4019.861698 0.973411
4020.061691 0.996419
4020.261684 0.985104
4020.461677 1.014185
4020.661670 0.993412
4020.861663 1.019161
4021.061657 1.081802
4021.261650 1.045561
4021.461643 1.078818
4021.661636 1.091798
4021.861629 0.995422
4022.061622 1.104325
4022.261615 1.057729
4022.461608 0.991813
4022.661601 1.028420
4022.861595 0.954719
4023.061588 0.961599
4023.261581 1.015669
4023.461574 0.873223
4023.661567 0.971218
4023.861560 0.894103
4024.061553 0.985982
4024.261546 0.992655
4024.461540 0.976146
4024.661533 1.020009
4024.861526 0.939377
4025.061519 0.913419
4025.261512 0.899080
4025.461505 0.981842
4025.661498 0.896514
4025.861491 0.864592
4026.061485 0.904152
4026.261478 0.912049
4026.461471 0.862761
4026.661464 0.906583
4026.861457 0.857290
4027.061450 0.906554
4027.261443 0.901531
4027.461436 0.941716
4027.661429 0.984569
4027.861423 0.913601
4028.061416 0.950265
4028.261409 0.864502
4028.461402 0.884799
4028.661395 0.889287
4028.861388 0.920906
4029.061381 0.864372
4029.261374 0.876431
4029.461368 0.852920
4029.661361 0.932348
4029.861354 1.028738
4030.061347 0.932721
4030.261340 0.891400
4030.461333 0.936047
4030.661326 0.876602
4030.861319 0.909160
4031.061312 1.009207
4031.261306 0.976434
4031.461299 0.932150
4031.661292 0.925413
4031.861285 0.950554
4032.061278 0.955659
4032.261271 1.041381
4032.461264 1.106316
4032.661257 1.016972
4032.861251 0.898863
4033.061244 1.019462
4033.261237 0.980699
4033.461230 0.973614
4033.661223 0.994910
4033.861216 0.986232
4034.061209 1.003718
4034.261202 0.951314
4034.461196 1.017029
4034.661189 1.027919
4034.861182 1.016554
4035.061175 1.064340
4035.261168 1.022904
4035.461161 1.018694
4035.661154 1.015966
4035.861147 1.024661
4036.061140 1.047001
4036.261134 1.050959
4036.461127 1.040856
4036.661120 0.967371
4036.861113 1.043920
4037.061106 1.064946
4037.261099 1.058358
4037.461092 1.036890
4037.661085 1.019115
4037.861079 0.987789
4038.061072 1.029931
4038.261065 1.044944
4038.461058 1.042222
4038.661051 1.079047
4038.861044 0.989988
4039.061037 0.993464
4039.261030 1.020476
4039.461023 0.992537
4039.661017 0.987660
4039.861010 0.995574
4040.061003 1.010287
4040.260996 1.004638
4040.460989 0.970993
4040.660982 1.008006
4040.860975 1.062725
4041.060968 1.096896
4041.260962 1.039898
4041.460955 1.034308
4041.660948 1.046596
4041.860941 1.023290
4042.060934 0.985786
4042.260927 1.029658
4042.460920 0.995421
4042.660913 1.010723
4042.860907 1.026644
4043.060900 1.078298
4043.260893 1.020317
4043.460886 1.021826
4043.660879 0.985247
4043.860872 1.042300
4044.060865 1.019682
4044.260858 1.042451
4044.460851 1.020700
4044.660845 1.000955
4044.860838 1.022830
4045.060831 1.071620
4045.260824 0.956531
4045.460817 1.036275
4045.660810 1.017544
4045.860803 0.999054
4046.060796 1.015259
4046.260790 0.994597
4046.460783 0.995695
4046.660776 1.049417
4046.860769 1.052128
4047.060762 0.963556
4047.260755 0.931385
4047.460748 1.031959
4047.660741 0.999435
4047.860735 1.056479
4048.060728 0.963954
4048.260721 1.020549
4048.460714 1.079391
4048.660707 0.993792
4048.860700 0.995558
4049.060693 1.029268
4049.260686 1.038395
4049.460679 1.029472
4049.660673 1.010341
4049.860666 0.997731
4050.060659 1.034228
4050.260652 1.011245
4050.460645 0.990920
4050.660638 1.018530
4050.860631 1.032047
4051.060624 0.981227
4051.260618 1.008033
4051.460611 0.982102
4051.660604 0.997705
4051.860597 1.027375
4052.060590 1.040520
4052.260583 1.016237
4052.460576 1.031542
4052.660569 1.018354
4052.860562 0.989578
4053.060556 1.010214
4053.260549 1.031005
4053.460542 1.036757
4053.660535 0.965629
4053.860528 0.968518
4054.060521 1.080510
4054.260514 1.010203
4054.460507 1.052911
4054.660501 1.020673
4054.860494 0.979172
4055.060487 1.029418
4055.260480 1.003552
4055.460473 1.021110
4055.660466 0.985087
4055.860459 1.021425
4056.060452 0.990649
4056.260446 0.941235
4056.460439 0.969656
4056.660432 0.998945
4056.860425 1.064974
4057.060418 0.992807
4057.260411 1.032740
4057.460404 1.012522
4057.660397 1.022987
4057.860390 0.976379
4058.060384 0.988050
4058.260377 1.031822
4058.460370 1.101328
4058.660363 1.014093
4058.860356 1.037574
4059.060349 1.048097
4059.260342 1.018547
4059.460335 1.009036
4059.660329 1.000547
4059.860322 1.061215
4060.060315 1.016687
4060.260308 0.983524
4060.460301 1.039503
4060.660294 1.042670
4060.860287 0.991619
4061.060280 0.967122
4061.260274 1.008632
4061.460267 1.061178
4061.660260 0.986774
4061.860253 1.026123
4062.060246 0.935943
4062.260239 0.963439
4062.460232 1.033136
4062.660225 1.084936
4062.860218 1.040810
4063.060212 0.988698
4063.260205 1.005093
4063.460198 1.044935
4063.660191 0.978578
4063.860184 1.050949
4064.060177 0.953979
4064.260170 1.020142
4064.460163 0.967547
4064.660157 1.014584
4064.860150 1.006743
4065.060143 0.989118
4065.260136 1.027475
4065.460129 0.995067
4065.660122 1.003007
4065.860115 1.005639
4066.060108 1.020470
4066.260101 0.999960
4066.460095 1.009436
4066.660088 0.980070
4066.860081 0.997297
4067.060074 0.989844
4067.260067 1.001771
4067.460060 1.019892
4067.660053 1.060730
4067.860046 1.017750
4068.060040 0.999335
4068.260033 0.993443
4068.460026 1.032119
4068.660019 0.947665
4068.860012 0.989830
4069.060005 1.001550
4069.259998 0.969178
4069.459991 0.971462
4069.659985 0.994871
4069.859978 0.982254
4070.059971 0.971481
4070.259964 1.021793
4070.459957 1.026385
4070.659950 0.999370
4070.859943 1.002329
4071.059936 1.015685
4071.259929 0.965204
4071.459923 1.044511
4071.659916 1.045181
4071.859909 0.990478
4072.059902 0.977001
4072.259895 0.968092
4072.459888 0.984189
4072.659881 1.022995
4072.859874 0.982746
4073.059868 1.003005
4073.259861 0.977307
4073.459854 0.953118
4073.659847 0.953992
4073.859840 0.977398
4074.059833 1.006125
4074.259826 0.986210
4074.459819 1.113249
4074.659812 0.997319
4074.859806 0.974745
4075.059799 0.962789
4075.259792 0.925345
4075.459785 0.988120
4075.659778 0.996478
4075.859771 0.964239
4076.059764 0.994430
4076.259757 0.990769
4076.459751 0.996396
4076.659744 0.950676
4076.859737 1.097227
4077.059730 0.999869
4077.259723 0.986568
4077.459716 1.022764
4077.659709 0.992420
4077.859702 1.007209
4078.059696 1.047948
4078.259689 0.977493
4078.459682 0.981544
4078.659675 0.968116
4078.859668 1.050830
4079.059661 0.961691
4079.259654 1.004257
4079.459647 1.035300
4079.659640 1.000319
4079.859634 0.990062
4080.059627 1.045072
4080.259620 0.918471
4080.459613 0.925995
4080.659606 1.002547
4080.859599 0.948649
4081.059592 1.025316
4081.259585 0.995189
4081.459579 1.019063
4081.659572 0.994453
4081.859565 1.017794
4082.059558 1.030067
4082.259551 1.034850
4082.459544 0.996393
4082.659537 0.983077
4082.859530 1.006546
4083.059524 0.983325
4083.259517 1.003415
4083.459510 1.042865
4083.659503 1.008558
4083.859496 0.993887
4084.059489 1.038140
4084.259482 0.967976
4084.459475 1.023227
4084.659468 1.027064
4084.859462 0.990740
4085.059455 0.968180
4085.259448 0.929871
4085.459441 0.958999
4085.659434 1.015272
4085.859427 0.989880
4086.059420 0.967488
4086.259413 1.021190
4086.459407 1.034605
4086.659400 0.991995
4086.859393 0.965112
4087.059386 0.977007
4087.259379 0.990986
4087.459372 1.000106
4087.659365 0.978765
4087.859358 0.960039
4088.059351 0.970870
4088.259345 0.978520
4088.459338 0.981931
4088.659331 0.968179
4088.859324 0.954034
4089.059317 0.995928
4089.259310 0.977862
4089.459303 0.985351
4089.659296 0.949826
4089.859290 0.967224
4090.059283 0.991279
4090.259276 0.947270
4090.459269 0.988185
4090.659262 0.928263
4090.859255 0.973714
4091.059248 0.954612
4091.259241 0.975983
4091.459235 0.934091
4091.659228 0.968099
4091.859221 0.975996
4092.059214 0.976024
4092.259207 0.951295
4092.459200 0.843415
4092.659193 0.896245
4092.859186 0.915189
4093.059179 0.916872
4093.259173 0.930522
4093.459166 0.952219
4093.659159 0.958398
4093.859152 0.934278
4094.059145 0.972478
4094.259138 0.915211
4094.459131 0.939175
4094.659124 0.932765
4094.859118 0.889422
4095.059111 0.946844
4095.259104 0.939326
4095.459097 0.908702
4095.659090 0.912268
4095.859083 0.891185
4096.059076 0.839613
4096.259069 0.917719
4096.459062 0.894721
4096.659056 0.855485
4096.859049 0.920988
4097.059042 0.861520
4097.259035 0.854047
4097.459028 0.945790
4097.659021 0.912835
4097.859014 0.826941
4098.059007 0.893291
4098.259001 0.873114
4098.458994 0.851591
4098.658987 0.813561
4098.858980 0.830985
4099.058973 0.869973
4099.258966 0.826169
4099.458959 0.828959
4099.658952 0.826818
4099.858946 0.830516
4100.058939 0.798061
4100.258932 0.737132
4100.458925 0.709267
4100.658918 0.740147
4100.858911 0.730323
4101.058904 0.739142
4101.258897 0.701913
4101.458890 0.680787
4101.658884 0.807778
4101.858877 0.703467
4102.058870 0.702633
4102.258863 0.716443
4102.458856 0.655644
4102.658849 0.709687
4102.858842 0.687717
4103.058835 0.679545
4103.258829 0.679052
4103.458822 0.672764
4103.658815 0.680813
4103.858808 0.698458
4104.058801 0.680533
4104.258794 0.737254
4104.458787 0.689942
4104.658780 0.642179
4104.858774 0.693726
4105.058767 0.691236
4105.258760 0.725096
4105.458753 0.694442
4105.658746 0.710027
4105.858739 0.720709
4106.058732 0.885957
4106.258725 0.678224
4106.458718 0.729430
4106.658712 0.755452
4106.858705 0.749870
4107.058698 0.788212
4107.258691 0.775418
4107.458684 0.765005
4107.658677 0.789265
4107.858670 0.832766
4108.058663 0.719275
4108.258657 0.730901
4108.458650 0.753383
4108.658643 0.815545
4108.858636 0.859296
4109.058629 0.812384
4109.258622 0.803812
4109.458615 0.843007
4109.658608 0.813714
4109.858601 0.828745
4110.058595 0.821098
4110.258588 0.878415
4110.458581 0.881881
4110.658574 0.858391
4110.858567 0.885788
4111.058560 0.876214
4111.258553 0.961937
4111.458546 0.933669
4111.658540 0.917319
4111.858533 0.892247
4112.058526 0.886177
4112.258519 0.909472
4112.458512 0.910605
4112.658505 0.907404
4112.858498 0.942529
4113.058491 0.964541
4113.258485 0.975898
4113.458478 0.949837
4113.658471 0.951588
4113.858464 0.963822
4114.058457 0.971471
4114.258450 0.950154
4114.458443 0.966564
4114.658436 0.922175
4114.858429 0.921509
4115.058423 0.932401
4115.258416 0.974152
4115.458409 0.943024
4115.658402 0.978722
4115.858395 0.998586
4116.058388 0.927181
4116.258381 0.927173
4116.458374 1.006805
4116.658368 0.964257
4116.858361 0.970360
4117.058354 0.999692
4117.258347 0.983333
4117.458340 1.078059
4117.658333 0.935724
4117.858326 0.908239
4118.058319 0.941155
4118.258313 1.004178
4118.458306 0.954012
4118.658299 0.998758
4118.858292 1.001101
4119.058285 0.985942
4119.258278 0.913401
4119.458271 0.982189
4119.658264 1.023118
4119.858257 0.943396
4120.058251 0.939967
4120.258244 0.971957
4120.458237 0.948697
4120.658230 0.995750
4120.858223 0.988560
4121.058216 0.963755
4121.258209 0.952833
4121.458202 0.963887
4121.658196 0.921094
4121.858189 0.934355
4122.058182 0.936824
4122.258175 0.922093
4122.458168 0.978932
4122.658161 1.013108
4122.858154 0.932458
4123.058147 0.950220
4123.258140 0.986300
4123.458134 0.966752
4123.658127 0.930077
4123.858120 0.916650
4124.058113 0.911240
4124.258106 1.012650
4124.458099 0.912524
4124.658092 0.960871
4124.858085 0.929232
4125.058079 0.955691
4125.258072 0.996574
4125.458065 0.951948
4125.658058 0.962331
4125.858051 0.956758
4126.058044 1.020958
4126.258037 0.994470
4126.458030 0.908740
4126.658024 0.989242
4126.858017 1.014117
4127.058010 0.963242
4127.258003 0.985777
4127.457996 1.021198
4127.657989 0.988817
4127.857982 0.982907
4128.057975 0.966789
4128.257968 1.005009
4128.457962 1.008777
4128.657955 1.084867
4128.857948 1.035431
4129.057941 1.035231
4129.257934 1.081568
4129.457927 0.995822
4129.657920 1.005451
4129.857913 1.002042
4130.057907 0.978171
4130.257900 1.041039
4130.457893 1.013320
4130.657886 1.034464
4130.857879 0.953138
4131.057872 1.081988
4131.257865 0.997344
4131.457858 0.998331
4131.657851 0.941865
4131.857845 1.000717
4132.057838 0.997997
4132.257831 1.015318
4132.457824 0.985913
4132.657817 1.037822
4132.857810 1.052571
4133.057803 0.975146
4133.257796 0.963142
4133.457790 0.937061
4133.657783 1.014514
4133.857776 0.984567
4134.057769 0.985121
4134.257762 0.954832
4134.457755 1.047685
4134.657748 0.982730
4134.857741 1.022635
4135.057735 0.991383
4135.257728 0.965281
4135.457721 1.000407
4135.657714 1.084185
4135.857707 0.995472
4136.057700 0.976378
4136.257693 1.051457
4136.457686 0.954090
4136.657679 0.996429
4136.857673 1.011130
4137.057666 0.999757
4137.257659 0.985668
4137.457652 0.990371
4137.657645 0.971792
4137.857638 1.002205
4138.057631 0.968021
4138.257624 0.972229
4138.457618 1.039641
4138.657611 0.979210
4138.857604 1.008014
4139.057597 1.034004
4139.257590 0.978366
4139.457583 1.020908
4139.657576 0.996969
4139.857569 0.973248
4140.057563 1.007476
4140.257556 0.999234
4140.457549 0.972098
4140.657542 1.011358
4140.857535 1.020669
4141.057528 1.031073
4141.257521 1.039676
4141.457514 0.949632
4141.657507 0.962428
4141.857501 1.028413
4142.057494 0.985585
4142.257487 0.956665
4142.457480 0.929941
4142.657473 0.982368
4142.857466 0.919532
4143.057459 0.959628
4143.257452 0.926836
4143.457446 0.963130
4143.657439 0.992955
4143.857432 0.965863
4144.057425 0.936836
4144.257418 0.929018
4144.457411 0.906691
4144.657404 0.869976
4144.857397 0.922844
4145.057390 0.911435
4145.257384 0.894819
4145.457377 0.960253
4145.657370 0.926088
4145.857363 0.966602
4146.057356 0.957032
4146.257349 0.987593
4146.457342 0.942043
4146.657335 0.898374
4146.857329 0.963077
4147.057322 0.888775
4147.257315 0.930165
4147.457308 0.900752
4147.657301 0.957592
4147.857294 0.967489
4148.057287 0.963634
4148.257280 0.920677
4148.457274 0.971391
4148.657267 0.930489
4148.857260 0.951764
4149.057253 0.975524
4149.257246 0.990219
4149.457239 0.973493
4149.657232 0.931900
4149.857225 0.988063
4150.057218 0.968957
4150.257212 0.972148
4150.457205 0.918515
4150.657198 0.975688
4150.857191 1.063512
4151.057184 1.015548
4151.257177 0.961946
4151.457170 1.008443
4151.657163 0.968358
4151.857157 0.969496
4152.057150 0.973518
4152.257143 0.970201
4152.457136 0.962469
4152.657129 0.997646
4152.857122 1.013744
4153.057115 1.018256
4153.257108 0.989763
4153.457101 1.007613
4153.657095 1.043749
4153.857088 0.961775
4154.057081 0.985273
4154.257074 1.000583
4154.457067 1.003803
4154.657060 1.011035
4154.857053 1.020606
4155.057046 0.959532
4155.257040 1.073195
4155.457033 1.013194
4155.657026 0.957640
4155.857019 0.980625
4156.057012 1.053133
4156.257005 0.990275
4156.456998 1.015933
4156.656991 1.000714
4156.856985 0.981630
4157.056978 0.925978
4157.256971 0.988131
4157.456964 1.032656
4157.656957 0.997002
4157.856950 0.987133
4158.056943 1.009785
4158.256936 1.044426
4158.456929 1.050979
4158.656923 1.030366
4158.856916 0.998214
4159.056909 1.029216
4159.256902 1.004809
4159.456895 0.995860
4159.656888 1.034324
4159.856881 1.060791
4160.056874 0.977217
4160.256868 0.983709
4160.456861 1.021135
4160.656854 1.053291
4160.856847 0.963686
4161.056840 1.033051
4161.256833 0.975662
4161.456826 0.992516
4161.656819 1.043780
4161.856813 1.030481
4162.056806 1.041912
4162.256799 1.011894
4162.456792 1.026731
4162.656785 1.039857
4162.856778 0.970767
4163.056771 1.010233
4163.256764 1.033544
4163.456757 0.996949
4163.656751 0.989924
4163.856744 1.050222
4164.056737 0.979645
4164.256730 0.972365
4164.456723 0.986901
4164.656716 0.977160
4164.856709 1.005320
4165.056702 1.038599
4165.256696 0.987985
4165.456689 1.078563
4165.656682 1.000455
4165.856675 1.041054
4166.056668 0.965613
4166.256661 0.983160
4166.456654 1.020694
4166.656647 0.964015
4166.856640 0.960426
4167.056634 1.048704
4167.256627 1.003836
4167.456620 0.980885
4167.656613 1.056568
4167.856606 0.984057
4168.056599 1.017859
4168.256592 0.986335
4168.456585 1.068819
4168.656579 0.996216
4168.856572 0.989092
4169.056565 0.990138
4169.256558 0.995305
4169.456551 0.968146
4169.656544 0.989091
4169.856537 0.991160
4170.056530 0.984928
4170.256524 1.002215
4170.456517 1.021515
4170.656510 1.018757
4170.856503 0.993041
4171.056496 0.978022
4171.256489 0.985807
4171.456482 1.003530
4171.656475 1.044268
4171.856468 0.986480
4172.056462 1.036418
4172.256455 1.010800
4172.456448 0.948948
4172.656441 0.998653
4172.856434 1.013554
4173.056427 0.963813
4173.256420 0.976120
4173.456413 1.000023
4173.656407 1.001352
4173.856400 0.969722
4174.056393 1.043680
4174.256386 1.022852
4174.456379 0.992176
4174.656372 1.015000
4174.856365 1.005611
4175.056358 0.987817
4175.256351 1.009983
4175.456345 0.997038
4175.656338 1.003544
4175.856331 0.978631
4176.056324 1.033018
4176.256317 0.999025
4176.456310 1.024760
4176.656303 1.074677
4176.856296 1.044546
4177.056290 1.048717
4177.256283 1.073017
4177.456276 1.007932
4177.656269 1.016257
4177.856262 0.964589
4178.056255 1.005692
4178.256248 1.018942
4178.456241 0.980543
4178.656235 0.982696
4178.856228 0.993811
4179.056221 0.963105
4179.256214 0.964789
4179.456207 1.031714
4179.656200 0.989586
4179.856193 1.041742
4180.056186 0.996320
4180.256179 0.936797
4180.456173 1.065486
4180.656166 0.979302
4180.856159 1.004237
4181.056152 1.032878
4181.256145 1.007130
4181.456138 0.993308
4181.656131 1.047967
4181.856124 0.999744
4182.056118 1.043876
4182.256111 1.010580
4182.456104 1.029473
4182.656097 0.983858
4182.856090 1.049595
4183.056083 1.020509
4183.256076 1.006631
4183.456069 1.044920
4183.656063 1.003837
4183.856056 1.022884
4184.056049 1.023427
4184.256042 1.041509
4184.456035 1.000847
4184.656028 1.010348
4184.856021 1.039291
4185.056014 1.043033
4185.256007 1.006381
4185.456001 1.073613
4185.655994 1.033990
4185.855987 0.996899
4186.055980 1.022245
4186.255973 1.005913
4186.455966 1.053105
4186.655959 1.010403
4186.855952 0.971748
4187.055946 1.043040
4187.255939 1.060585
4187.455932 1.013438
4187.655925 0.993131
4187.855918 1.026844
4188.055911 0.957790
4188.255904 1.009286
4188.455897 0.984202
4188.655890 0.990950
4188.855884 0.996584
4189.055877 1.028304
4189.255870 0.991709
4189.455863 1.036714
4189.655856 0.992544
4189.855849 0.975697
4190.055842 0.991961
4190.255835 0.999785
4190.455829 0.968290
4190.655822 1.024520
4190.855815 1.002419
4191.055808 1.001099
4191.255801 0.999649
4191.455794 1.032101
4191.655787 1.028976
4191.855780 1.023733
4192.055774 1.075059
4192.255767 0.994546
4192.455760 1.003607
4192.655753 1.000637
4192.855746 0.992893
4193.055739 1.005069
4193.255732 0.974124
4193.455725 0.932059
4193.655718 0.950379
4193.855712 0.987679
4194.055705 0.989433
4194.255698 1.007571
4194.455691 1.042683
4194.655684 0.982546
4194.855677 1.057917
4195.055670 1.010798
4195.255663 1.038465
4195.455657 1.111550
4195.655650 1.065346
4195.855643 1.000800
4196.055636 0.993814
4196.255629 1.011311
4196.455622 1.051993
4196.655615 1.009641
4196.855608 0.998517
4197.055602 1.051899
4197.255595 1.012685
4197.455588 1.024030
4197.655581 0.974746
4197.855574 0.999692
4198.055567 1.052575
4198.255560 1.022364
4198.455553 1.015878
4198.655546 0.999548
4198.855540 0.959086
4199.055533 1.001106
4199.255526 1.061257
4199.455519 1.022282
4199.655512 0.990655
4199.855505 0.989979
4200.055498 0.991531
4200.255491 0.968179
4200.455485 1.011832
4200.655478 1.002444
4200.855471 1.065962
4201.055464 0.959122
4201.255457 0.991520
4201.455450 0.998241
4201.655443 0.989708
4201.855436 1.025448
4202.055429 1.021895
4202.255423 0.985841
4202.455416 0.981688
4202.655409 0.990169
4202.855402 1.089863
4203.055395 1.037126
4203.255388 1.042670
4203.455381 1.008868
4203.655374 1.017427
4203.855368 1.000767
4204.055361 0.994097
4204.255354 1.020484
4204.455347 1.044125
4204.655340 1.053051
4204.855333 0.996280
4205.055326 1.042120
4205.255319 1.046222
4205.455313 0.986811
4205.655306 1.019035
4205.855299 1.031733
4206.055292 1.027350
4206.255285 1.007577
4206.455278 1.042033
4206.655271 1.025285
4206.855264 1.048354
4207.055257 1.047394
4207.255251 1.011149
4207.455244 1.005314
4207.655237 0.964118
4207.855230 1.053898
4208.055223 0.991935
4208.255216 1.040840
4208.455209 1.017785
4208.655202 0.972572
4208.855196 1.037665
4209.055189 1.036818
4209.255182 1.017977
4209.455175 0.999890
4209.655168 1.020418
4209.855161 1.005047
4210.055154 1.014264
4210.255147 0.979843
4210.455140 1.014780
4210.655134 0.979289
4210.855127 0.991572
4211.055120 1.009866
4211.255113 0.998316
4211.455106 0.956176
4211.655099 1.009032
4211.855092 1.054951
4212.055085 1.016925
4212.255079 0.998284
4212.455072 1.009803
4212.655065 1.061288
4212.855058 1.021079
4213.055051 1.071437
4213.255044 1.010791
4213.455037 0.999056
4213.655030 1.004692
4213.855024 1.052922
4214.055017 1.037910
4214.255010 1.041712
4214.455003 1.039480
4214.654996 1.021750
4214.854989 1.034200
4215.054982 1.038705
4215.254975 1.032211
4215.454968 1.005551
4215.654962 0.998327
4215.854955 1.041467
4216.054948 1.031507
4216.254941 1.025062
4216.454934 0.988575
4216.654927 0.982058
4216.854920 1.012848
4217.054913 1.034713
4217.254907 1.006710
4217.454900 1.037041
4217.654893 1.038667
4217.854886 0.986964
4218.054879 1.010761
4218.254872 1.064850
4218.454865 0.985032
4218.654858 1.035003
4218.854852 1.014487
4219.054845 1.000992
4219.254838 1.029398
4219.454831 1.039032
4219.654824 1.037364
4219.854817 0.969099
4220.054810 0.984596
4220.254803 1.091289
4220.454796 1.006286
4220.654790 1.022537
4220.854783 1.067854
4221.054776 1.046131
4221.254769 1.030395
4221.454762 1.017665
4221.654755 1.069874
4221.854748 0.991123
4222.054741 0.950881
4222.254735 0.993242
4222.454728 0.988691
4222.654721 1.000597
4222.854714 0.978902
4223.054707 1.026085
4223.254700 1.013073
4223.454693 1.008095
4223.654686 1.044581
4223.854679 1.041684
4224.054673 1.005925
4224.254666 1.041781
4224.454659 0.998241
4224.654652 1.024739
4224.854645 0.989587
4225.054638 0.963474
4225.254631 0.993266
4225.454624 1.050492
4225.654618 1.034128
4225.854611 1.002206
4226.054604 0.998037
4226.254597 1.010463
4226.454590 1.010766
4226.654583 1.078770
4226.854576 1.041019
4227.054569 1.008933
4227.254563 1.011292
4227.454556 0.963069
4227.654549 0.963617
4227.854542 1.041187
4228.054535 1.013842
4228.254528 0.999202
4228.454521 0.985767
4228.654514 1.035787
4228.854507 1.030843
4229.054501 1.002199
4229.254494 0.929531
4229.454487 0.991231
4229.654480 0.961218
4229.854473 0.989301
4230.054466 0.971058
4230.254459 0.960102
4230.454452 0.958339
4230.654446 0.975072
4230.854439 0.987357
4231.054432 1.065474
4231.254425 1.004555
4231.454418 0.986530
4231.654411 0.995797
4231.854404 1.020514
4232.054397 1.046636
4232.254390 1.011090
4232.454384 1.028131
4232.654377 0.982099
4232.854370 0.951912
4233.054363 1.035531
4233.254356 1.000004
4233.454349 0.950822
4233.654342 1.038250
4233.854335 1.005990
4234.054329 1.017484
4234.254322 1.020416
4234.454315 1.028539
4234.654308 1.010841
4234.854301 1.002587
4235.054294 1.030355
4235.254287 0.989685
4235.454280 1.004926
4235.654274 1.040113
4235.854267 1.029061
4236.054260 0.990431
4236.254253 1.052043
4236.454246 1.037395
4236.654239 0.979555
4236.854232 0.990475
4237.054225 1.010689
4237.254218 1.037402
4237.454212 1.023196
4237.654205 1.005400
4237.854198 0.966565
4238.054191 0.993733
4238.254184 0.946485
4238.454177 1.060533
4238.654170 1.021729
4238.854163 1.024712
4239.054157 1.008636
4239.254150 1.009559
4239.454143 1.047089
4239.654136 1.056792
4239.854129 0.991798
4240.054122 1.021912
4240.254115 1.058036
4240.454108 0.985504
4240.654102 0.995463
4240.854095 0.988991
4241.054088 1.026893
4241.254081 1.007382
4241.454074 1.020311
4241.654067 1.035553
4241.854060 0.965476
4242.054053 0.986945
4242.254046 0.990714
4242.454040 1.033982
4242.654033 0.998478
4242.854026 1.002743
4243.054019 0.993906
4243.254012 0.997955
4243.454005 1.025921
4243.653998 1.025812
4243.853991 0.977851
4244.053985 1.042653
4244.253978 0.982594
4244.453971 0.950064
4244.653964 1.018444
4244.853957 1.023883
4245.053950 1.058879
4245.253943 1.049716
4245.453936 1.032563
4245.653929 0.978737
4245.853923 0.993275
4246.053916 1.039896
4246.253909 1.020394
4246.453902 1.013941
4246.653895 1.025039
4246.853888 1.026328
4247.053881 1.002864
4247.253874 0.985930
4247.453868 0.979684
4247.653861 1.048817
4247.853854 0.984260
4248.053847 1.033895
4248.253840 1.029454
4248.453833 1.023636
4248.653826 0.997530
4248.853819 1.056022
4249.053813 1.004336
4249.253806 1.038588
4249.453799 1.009088
4249.653792 0.990438
4249.853785 1.074461
4250.053778 1.059628
4250.253771 1.038668
4250.453764 0.997514
4250.653757 1.000285
4250.853751 1.021821
4251.053744 1.063591
4251.253737 1.012869
4251.453730 1.035062
4251.653723 1.004252
4251.853716 1.014945
4252.053709 1.046900
4252.253702 0.968154
4252.453696 0.985839
4252.653689 0.994193
4252.853682 1.025040
4253.053675 0.998774
4253.253668 1.012558
4253.453661 0.973324
4253.653654 0.994344
4253.853647 0.973161
4254.053641 1.003611
4254.253634 1.001969
4254.453627 1.006455
4254.653620 1.004511
4254.853613 1.012352
4255.053606 1.049031
4255.253599 1.033067
4255.453592 1.001183
4255.653585 1.037675
4255.853579 1.015539
4256.053572 1.010751
4256.253565 1.011876
4256.453558 1.004024
4256.653551 0.963823
4256.853544 1.025001
4257.053537 1.005787
4257.253530 0.960669
4257.453524 0.944120
4257.653517 0.986394
4257.853510 0.992010
4258.053503 0.998038
4258.253496 0.972846
4258.453489 0.990895
4258.653482 1.023415
4258.853475 1.039670
4259.053468 0.995039
4259.253462 0.995037
4259.453455 1.067558
4259.653448 0.981741
4259.853441 1.007998
4260.053434 1.003260
4260.253427 0.977134
4260.453420 1.009384
4260.653413 0.972297
4260.853407 0.998514
4261.053400 1.025849
4261.253393 1.052008
4261.453386 0.997353
4261.653379 1.013555
4261.853372 1.013440
4262.053365 1.047286
4262.253358 1.024099
4262.453352 0.996694
4262.653345 0.989058
4262.853338 1.007060
4263.053331 0.989828
4263.253324 1.031737
4263.453317 1.010926
4263.653310 1.046502
4263.853303 0.986519
4264.053296 1.014008
4264.253290 0.997112
4264.453283 1.024269
4264.653276 0.994459
4264.853269 1.035190
4265.053262 1.019195
4265.253255 1.030708
4265.453248 1.004676
4265.653241 0.991413
4265.853235 1.040467
4266.053228 1.052291
4266.253221 1.012531
4266.453214 0.958651
4266.653207 1.005378
4266.853200 0.995242
4267.053193 1.019644
4267.253186 1.059523
4267.453179 0.990661
4267.653173 0.992761
4267.853166 1.009400
4268.053159 1.053136
4268.253152 0.975223
4268.453145 1.038453
4268.653138 0.982707
4268.853131 1.021916
4269.053124 1.017075
4269.253118 1.019103
4269.453111 1.000816
4269.653104 0.954113
4269.853097 0.993695
4270.053090 0.979922
4270.253083 0.971619
4270.453076 0.985807
4270.653069 0.972207
4270.853063 0.952243
4271.053056 1.040080
4271.253049 1.009840
4271.453042 1.037017
4271.653035 1.031708
4271.853028 1.007706
4272.053021 1.002350
4272.253014 1.000770
4272.453007 0.983545
4272.653001 0.956323
4272.852994 1.019660
4273.052987 1.042524
4273.252980 0.986324
4273.452973 1.063323
4273.652966 1.039277
4273.852959 0.982383
4274.052952 1.027209
4274.252946 0.952204
4274.452939 1.022976
4274.652932 1.002534
4274.852925 1.029021
4275.052918 0.998589
4275.252911 0.972495
4275.452904 1.017093
4275.652897 0.995268
4275.852891 1.064500
4276.052884 1.056129
4276.252877 0.958849
4276.452870 1.009412
4276.652863 1.057414
4276.852856 1.006438
4277.052849 0.945636
4277.252842 0.966382
4277.452835 1.003010
4277.652829 1.032453
4277.852822 0.974921
4278.052815 0.969277
4278.252808 0.998091
4278.452801 1.027502
4278.652794 0.968689
4278.852787 0.976183
4279.052780 0.921183
4279.252774 1.000793
4279.452767 0.982652
4279.652760 1.046048
4279.852753 0.981158
4280.052746 0.990731
4280.252739 0.968375
4280.452732 0.966646
4280.652725 0.994219
4280.852718 0.962115
4281.052712 0.992502
4281.252705 1.022626
4281.452698 0.988465
4281.652691 1.019286
4281.852684 1.002165
4282.052677 0.975473
4282.252670 1.001788
4282.452663 1.010776
4282.652657 1.022169
4282.852650 0.962127
4283.052643 1.020019
4283.252636 1.001068
4283.452629 1.034885
4283.652622 0.954484
4283.852615 1.040425
4284.052608 1.025294
4284.252602 1.021122
4284.452595 0.986958
4284.652588 1.029514
4284.852581 1.006983
4285.052574 0.982676
4285.252567 0.998411
4285.452560 1.036646
4285.652553 0.990786
4285.852546 0.988097
4286.052540 1.002654
4286.252533 0.967824
4286.452526 0.995410
4286.652519 1.004151
4286.852512 1.023841
4287.052505 1.035131
4287.252498 0.982557
4287.452491 1.006906
4287.652485 1.017181
4287.852478 1.052755
4288.052471 0.991981
4288.252464 1.001481
4288.452457 1.036874
4288.652450 0.986369
4288.852443 0.959798
4289.052436 1.016403
4289.252429 0.969614
4289.452423 1.024838
4289.652416 1.020144
4289.852409 0.962318
4290.052402 0.986843
4290.252395 1.028418
4290.452388 0.957577
4290.652381 1.005665
4290.852374 1.021277
4291.052368 0.978704
4291.252361 0.994973
4291.452354 1.024899
4291.652347 1.036648
4291.852340 1.046488
4292.052333 0.998893
4292.252326 1.001761
4292.452319 0.999280
4292.652313 1.044281
4292.852306 0.959031
4293.052299 1.010150
4293.252292 1.027582
4293.452285 1.043804
4293.652278 1.009860
4293.852271 0.975607
4294.052264 0.959236
4294.252257 0.998457
4294.452251 0.999060
4294.652244 1.019078
4294.852237 1.041070
4295.052230 0.943335
4295.252223 0.987469
4295.452216 0.974877
4295.652209 1.013705
4295.852202 1.036301
4296.052196 0.975520
4296.252189 0.970019
4296.452182 0.975429
4296.652175 0.994715
4296.852168 0.976254
4297.052161 0.971675
4297.252154 1.059855
4297.452147 1.016615
4297.652141 1.003109
4297.852134 0.952820
4298.052127 1.009713
4298.252120 1.004161
4298.452113 0.988113
4298.652106 1.021067
4298.852099 1.023647
4299.052092 0.973401
4299.252085 1.022234
4299.452079 1.019052
4299.652072 1.001487
4299.852065 1.009095
4300.052058 1.029939
4300.252051 0.991602
4300.452044 1.022451
4300.652037 1.024717
4300.852030 0.997312
4301.052024 1.003766
4301.252017 1.009531
4301.452010 1.057774
4301.652003 1.016580
4301.851996 0.979874
4302.051989 1.028331
4302.251982 1.014698
4302.451975 1.030975
4302.651968 0.978173
4302.851962 1.065776
4303.051955 1.010798
4303.251948 0.960368
4303.451941 1.001115
4303.651934 0.998350
4303.851927 0.979051
4304.051920 0.961145
4304.251913 0.943885
4304.451907 1.013377
4304.651900 0.983045
4304.851893 1.036724
4305.051886 1.007323
4305.251879 0.964114
4305.451872 0.954150
4305.651865 0.963202
4305.851858 0.971322
4306.051852 1.023276
4306.251845 0.943695
4306.451838 0.992380
4306.651831 1.043987
4306.851824 0.997622
4307.051817 1.012104
4307.251810 0.938350
4307.451803 1.008349
4307.651796 1.002495
4307.851790 1.046506
4308.051783 0.958447
4308.251776 0.983715
4308.451769 1.036093
4308.651762 0.991374
4308.851755 0.945673
4309.051748 0.955798
4309.251741 1.002748
4309.451735 0.986915
4309.651728 0.949135
4309.851721 0.993268
4310.051714 1.013423
4310.251707 1.051239
4310.451700 1.020420
4310.651693 1.021508
4310.851686 1.011958
4311.051680 0.958494
4311.251673 1.011760
4311.451666 0.986327
4311.651659 0.989592
4311.851652 0.999436
4312.051645 0.948006
4312.251638 1.001247
4312.451631 1.028917
4312.651624 1.003715
4312.851618 0.966458
4313.051611 0.950034
4313.251604 0.996628
4313.451597 0.966634
4313.651590 0.999355
4313.851583 0.998854
4314.051576 1.022842
4314.251569 0.996174
4314.451563 0.991735
4314.651556 1.003679
4314.851549 0.980949
4315.051542 0.973323
4315.251535 0.999748
4315.451528 0.991384
4315.651521 0.986070
4315.851514 1.028048
4316.051507 1.059465
4316.251501 1.030083
4316.451494 1.028410
4316.651487 1.027362
4316.851480 0.965167
4317.051473 0.982776
4317.251466 1.001499
4317.451459 1.005568
4317.651452 0.930116
4317.851446 0.993166
4318.051439 0.964072
4318.251432 0.959053
4318.451425 0.954771
4318.651418 1.004720
4318.851411 0.956322
4319.051404 1.011924
4319.251397 1.003520
4319.451391 0.960455
4319.651384 1.003669
4319.851377 0.960436
4320.051370 0.920744
4320.251363 0.956859
4320.451356 0.984409
4320.651349 0.972973
4320.851342 1.002607
4321.051335 1.015722
4321.251329 0.980231
4321.451322 0.967642
4321.651315 0.992531
4321.851308 0.969393
4322.051301 0.943562
4322.251294 0.993192
4322.451287 0.976474
4322.651280 0.948078
4322.851274 0.977515
4323.051267 0.961579
4323.251260 0.998801
4323.451253 0.983389
4323.651246 0.997324
4323.851239 0.962539
4324.051232 0.934320
4324.251225 0.991174
4324.451218 0.989346
4324.651212 0.985902
4324.851205 0.993117
4325.051198 0.998442
4325.251191 1.018553
4325.451184 0.989171
4325.651177 1.003622
4325.851170 1.002311
4326.051163 0.997879
4326.251157 0.981195
4326.451150 0.994915
4326.651143 1.015777
4326.851136 0.993587
4327.051129 0.994605
4327.251122 0.988616
4327.451115 0.971265
4327.651108 0.957208
4327.851102 0.969578
4328.051095 0.993881
4328.251088 1.040111
4328.451081 0.996357
4328.651074 0.905204
4328.851067 0.959522
4329.051060 1.005207
4329.251053 0.941632
4329.451046 0.951685
4329.651040 0.937719
4329.851033 0.945286
4330.051026 0.945504
4330.251019 0.961112
4330.451012 1.012177
4330.651005 0.951657
4330.850998 0.935051
4331.050991 0.962160
4331.250985 0.929107
4331.450978 0.959814
4331.650971 0.972257
4331.850964 0.938040
4332.050957 0.916950
4332.250950 1.010482
4332.450943 0.914876
4332.650936 0.903852
4332.850930 0.948856
4333.050923 0.897895
4333.250916 0.914271
4333.450909 0.940925
4333.650902 0.864563
4333.850895 0.911837
4334.050888 0.900345
4334.250881 0.940141
4334.450874 0.909391
4334.650868 0.921498
4334.850861 0.881894
4335.050854 0.964434
4335.250847 0.861998
4335.450840 0.871350
4335.650833 0.876076
4335.850826 0.872634
4336.050819 0.908822
4336.250813 0.852892
4336.450806 0.854862
4336.650799 0.863201
4336.850792 0.838242
4337.050785 0.795989
4337.250778 0.823244
4337.450771 0.885833
4337.650764 0.856933
4337.850757 0.846316
4338.050751 0.808225
4338.250744 0.812303
4338.450737 0.772400
4338.650730 0.785654
4338.850723 0.781534
4339.050716 0.740191
4339.250709 0.752868
4339.450702 0.730962
4339.650696 0.730425
4339.850689 0.729111
4340.050682 0.749357
4340.250675 0.700049
4340.450668 0.745854
4340.650661 0.739108
4340.850654 0.669272
4341.050647 0.717146
4341.250641 0.692653
4341.450634 0.708824
4341.650627 0.684505
4341.850620 0.684183
4342.050613 0.721082
4342.250606 0.709219
4342.450599 0.706028
4342.650592 0.805825
4342.850585 0.791141
4343.050579 0.769402
4343.250572 0.741290
4343.450565 0.726365
4343.650558 0.736053
4343.850551 0.689940
4344.050544 0.721863
4344.250537 0.736710
4344.450530 0.712621
4344.650524 0.734585
4344.850517 0.746834
4345.050510 0.747648
4345.250503 0.742482
4345.450496 0.752034
4345.650489 0.772448
4345.850482 0.745681
4346.050475 0.782752
4346.250468 0.759705
4346.450462 0.823596
4346.650455 0.792210
4346.850448 0.814266
4347.050441 0.825966
4347.250434 0.850792
4347.450427 0.854987
4347.650420 0.805921
4347.850413 0.835494
4348.050407 0.808740
4348.250400 0.848941
4348.450393 0.863952
4348.650386 0.898998
4348.850379 0.870891
4349.050372 0.865339
4349.250365 0.869331
4349.450358 0.880575
4349.650352 0.888178
4349.850345 0.873029
4350.050338 0.892828
4350.250331 0.912546
4350.450324 0.866262
4350.650317 0.895688
4350.850310 0.933358
4351.050303 0.926640
4351.250296 0.913164
4351.450290 0.901112
4351.650283 0.889172
4351.850276 0.899569
4352.050269 0.883903
4352.250262 0.899164
4352.450255 0.914705
4352.650248 0.877852
4352.850241 0.962069
4353.050235 0.924626
4353.250228 0.939584
4353.450221 0.938335
4353.650214 0.924089
4353.850207 0.953187
4354.050200 0.895129
4354.250193 0.914688
4354.450186 0.956644
4354.650180 0.927155
4354.850173 0.916738
4355.050166 0.941912
4355.250159 0.949406
4355.450152 0.954244
4355.650145 0.946076
4355.850138 0.965730
4356.050131 0.958135
4356.250124 0.936971
4356.450118 0.965985
4356.650111 0.993591
4356.850104 0.990540
4357.050097 1.010108
4357.250090 0.954156
4357.450083 0.995526
4357.650076 1.066761
4357.850069 1.028770
4358.050063 0.940902
4358.250056 0.992166
4358.450049 0.968223
4358.650042 0.983440
4358.850035 0.983773
4359.050028 1.011531
4359.250021 0.986448
4359.450014 0.981153
4359.650007 0.968363
4359.850001 0.974651
4360.049994 1.041958
4360.249987 1.027612
4360.449980 1.012284
4360.649973 0.943700
4360.849966 0.976364
4361.049959 0.965811
4361.249952 1.038103
4361.449946 0.993301
4361.649939 0.962099
4361.849932 1.021977
4362.049925 1.014202
4362.249918 0.921118
4362.449911 0.988946
4362.649904 1.010055
4362.849897 0.989049
4363.049891 0.960748
4363.249884 0.965866
4363.449877 1.022313
4363.649870 0.979758
4363.849863 0.983168
4364.049856 1.014999
4364.249849 0.939479
4364.449842 0.982793
4364.649835 1.015229
4364.849829 1.007504
4365.049822 1.012339
4365.249815 1.014903
4365.449808 1.028530
4365.649801 1.083118
4365.849794 0.998943
4366.049787 0.989330
4366.249780 0.969328
4366.449774 1.010007
4366.649767 0.997198
4366.849760 0.991912
4367.049753 0.989241
4367.249746 1.003464
4367.449739 1.005581
4367.649732 0.989557
4367.849725 0.984866
4368.049718 0.980595
4368.249712 0.962916
4368.449705 0.987483
4368.649698 1.024559
4368.849691 1.016662
4369.049684 0.970333
4369.249677 0.961108
4369.449670 1.035693
4369.649663 1.044911
4369.849657 1.009219
4370.049650 1.015271
4370.249643 0.971717
4370.449636 1.003709
4370.649629 0.990197
4370.849622 1.020130
4371.049615 0.983471
4371.249608 1.020954
4371.449602 0.999575
4371.649595 1.038646
4371.849588 0.958584
4372.049581 0.994533
4372.249574 1.030564
4372.449567 1.017648
4372.649560 0.999024
4372.849553 0.987490
4373.049546 0.995892
4373.249540 1.025428
4373.449533 1.001123
4373.649526 0.993113
4373.849519 1.008712
4374.049512 1.000786
4374.249505 1.017738
4374.449498 1.049394
4374.649491 0.946825
4374.849485 1.012686
4375.049478 1.014752
4375.249471 0.992963
4375.449464 1.003507
4375.649457 0.979046
4375.849450 1.006860
4376.049443 0.975013
4376.249436 0.922120
4376.449430 0.959008
4376.649423 1.034290
4376.849416 1.039392
4377.049409 0.976794
4377.249402 0.978629
4377.449395 1.026270
4377.649388 1.008309
4377.849381 0.979314
4378.049374 1.008643
4378.249368 1.023642
4378.449361 1.007917
4378.649354 0.989952
4378.849347 0.979742
4379.049340 0.994772
4379.249333 0.979517
4379.449326 1.011546
4379.649319 1.010754
4379.849313 0.989649
4380.049306 0.967984
4380.249299 1.031582
4380.449292 1.008770
4380.649285 0.987619
4380.849278 1.025826
4381.049271 1.006789
4381.249264 0.976276
4381.449257 1.008655
4381.649251 0.980243
4381.849244 0.960765
4382.049237 1.066578
4382.249230 1.008945
4382.449223 1.036561
4382.649216 1.075846
4382.849209 0.970560
4383.049202 1.009008
4383.249196 1.000040
4383.449189 0.977458
4383.649182 0.999060
4383.849175 1.079786
4384.049168 1.001190
4384.249161 1.001951
4384.449154 0.987298
4384.649147 0.986742
4384.849141 0.980021
4385.049134 1.003544
4385.249127 1.023319
4385.449120 0.988098
4385.649113 0.973064
4385.849106 0.942274
4386.049099 0.986851
4386.249092 0.978620
4386.449085 0.918011
4386.649079 0.966511
4386.849072 0.949039
4387.049065 0.934528
4387.249058 0.929982
4387.449051 0.939428
4387.649044 0.959792
4387.849037 0.908424
4388.049030 0.904620
4388.249024 0.934133
4388.449017 0.955596
4388.649010 0.916296
4388.849003 0.880578
4389.048996 0.915182
4389.248989 0.945953
4389.448982 0.903763
4389.648975 0.917752
4389.848969 0.935470
4390.048962 0.929818
4390.248955 0.933521
4390.448948 0.972483
4390.648941 0.922848
4390.848934 0.927211
4391.048927 0.957240
4391.248920 0.909397
4391.448913 0.979070
4391.648907 0.898240
4391.848900 0.939818
4392.048893 0.956196
4392.248886 0.919095
4392.448879 0.907270
4392.648872 0.893962
4392.848865 0.912097
4393.048858 0.884996
4393.248852 0.943228
4393.448845 0.964398
4393.648838 0.947934
4393.848831 0.992278
4394.048824 0.984632
4394.248817 0.998670
4394.448810 0.976172
4394.648803 0.967019
4394.848796 0.939240
4395.048790 0.939034
4395.248783 0.996083
4395.448776 0.975070
4395.648769 0.988037
4395.848762 0.993766
4396.048755 0.967285
4396.248748 0.961403
4396.448741 0.954194
4396.648735 1.014475
4396.848728 1.015031
4397.048721 1.010354
4397.248714 1.058488
4397.448707 0.998129
4397.648700 0.982450
4397.848693 1.011821
4398.048686 0.995373
4398.248680 0.958371
4398.448673 1.017677
4398.648666 0.965511
4398.848659 0.983698
4399.048652 1.012582
4399.248645 1.036726
4399.448638 1.025066
4399.648631 1.011491
4399.848624 1.037652
4400.048618 1.032426
4400.248611 0.988310
4400.448604 0.989511
4400.648597 0.984181
4400.848590 1.026854
4401.048583 0.953475
4401.248576 1.023992
4401.448569 0.966065
4401.648563 1.036666
4401.848556 1.015781
4402.048549 0.971720
4402.248542 0.986928
4402.448535 1.021778
4402.648528 0.994042
4402.848521 1.004865
4403.048514 0.985119
4403.248507 1.015715
4403.448501 1.028409
4403.648494 1.021253
4403.848487 1.029648
4404.048480 1.003507
4404.248473 1.005691
4404.448466 1.012442
4404.648459 1.013602
4404.848452 0.977094
4405.048446 0.979769
4405.248439 1.014177
4405.448432 0.982510
4405.648425 1.012227
4405.848418 1.029161
4406.048411 0.974757
4406.248404 1.020970
4406.448397 0.981246
4406.648391 1.025996
4406.848384 0.958618
4407.048377 1.007444
4407.248370 1.021783
4407.448363 0.987610
4407.648356 0.993418
4407.848349 0.986298
4408.048342 1.015993
4408.248335 1.001802
4408.448329 0.992563
4408.648322 1.016119
4408.848315 1.001056
4409.048308 0.976604
4409.248301 0.999877
4409.448294 1.021814
4409.648287 1.031827
4409.848280 0.988413
4410.048274 0.991310
4410.248267 1.059925
4410.448260 0.972442
4410.648253 1.064519
4410.848246 0.995455
4411.048239 1.010654
4411.248232 0.950064
4411.448225 1.040347
4411.648219 1.006910
4411.848212 0.970252
4412.048205 0.971093
4412.248198 1.009511
4412.448191 1.032673
4412.648184 1.037845
4412.848177 0.985315
4413.048170 1.011380
4413.248163 1.009239
4413.448157 0.948898
4413.648150 1.053435
4413.848143 1.017989
4414.048136 0.961288
4414.248129 0.995501
4414.448122 0.990132
4414.648115 1.039130
4414.848108 1.044236
4415.048102 1.003960
4415.248095 1.027009
4415.448088 1.026415
4415.648081 1.003523
4415.848074 0.991902
4416.048067 0.999929
4416.248060 0.994408
4416.448053 0.985558
4416.648046 1.029279
4416.848040 1.025617
4417.048033 0.975067
4417.248026 0.971733
4417.448019 1.023431
4417.648012 0.978575
4417.848005 0.958108
4418.047998 0.999944
4418.247991 0.984324
4418.447985 0.977853
4418.647978 0.955841
4418.847971 0.995611
4419.047964 1.018272
4419.247957 0.981567
4419.447950 0.993794
4419.647943 0.961233
4419.847936 0.993483
4420.047930 0.985435
4420.247923 0.967221
4420.447916 0.979131
4420.647909 1.001885
4420.847902 1.033304
4421.047895 0.999026
4421.247888 0.961210
4421.447881 0.963820
4421.647874 0.968969
4421.847868 0.987195
4422.047861 0.974844
4422.247854 0.999613
4422.447847 1.028575
4422.647840 0.981238
4422.847833 0.977281
4423.047826 0.958160
4423.247819 0.975899
4423.447813 0.969098
4423.647806 0.967024
4423.847799 0.984077
4424.047792 1.050392
4424.247785 0.952771
4424.447778 0.960831
4424.647771 1.013012
4424.847764 1.020145
4425.047757 1.029882
4425.247751 1.050142
4425.447744 1.002985
4425.647737 1.016316
4425.847730 1.038310
4426.047723 1.056506
4426.247716 1.026330
4426.447709 1.025415
4426.647702 0.978487
4426.847696 1.042924
4427.047689 0.979957
4427.247682 1.015888
4427.447675 1.028601
4427.647668 0.989741
4427.847661 1.031545
4428.047654 1.045983
4428.247647 0.968491
4428.447641 1.001714
4428.647634 1.023051
4428.847627 1.004784
4429.047620 1.048141
4429.247613 1.031372
4429.447606 0.975226
4429.647599 0.996855
4429.847592 1.031054
4430.047585 1.023024
4430.247579 0.940592
4430.447572 0.979284
4430.647565 1.014220
4430.847558 1.051911
4431.047551 0.992414
4431.247544 0.991371
4431.447537 0.966608
4431.647530 1.027989
4431.847524 0.981997
4432.047517 0.948713
4432.247510 1.026704
4432.447503 1.001247
4432.647496 0.986603
4432.847489 1.020695
4433.047482 1.048472
4433.247475 1.009633
4433.447469 1.013720
4433.647462 1.011542
4433.847455 1.019050
4434.047448 1.052032
4434.247441 0.963175
4434.447434 1.014593
4434.647427 1.011190
4434.847420 0.961159
4435.047413 0.993940
4435.247407 0.967229
4435.447400 0.983574
4435.647393 1.015917
4435.847386 0.962003
4436.047379 0.972215
4436.247372 1.006452
4436.447365 1.009163
4436.647358 0.955745
4436.847352 1.017271
4437.047345 0.989341
4437.247338 1.010101
4437.447331 0.987659
4437.647324 0.991618
4437.847317 1.027507
4438.047310 1.017772
4438.247303 0.991566
4438.447296 0.989315
4438.647290 0.979505
4438.847283 1.014750
4439.047276 1.034279
4439.247269 1.023662
4439.447262 0.970157
4439.647255 0.969903
4439.847248 1.007299
4440.047241 0.943940
4440.247235 0.999103
4440.447228 1.029831
4440.647221 1.007938
4440.847214 1.011639
4441.047207 1.000147
4441.247200 1.014605
4441.447193 1.018901
4441.647186 1.023223
4441.847180 0.970145
4442.047173 1.018548
4442.247166 0.999475
4442.447159 0.992541
4442.647152 0.941399
4442.847145 1.020739
4443.047138 1.045238
4443.247131 1.024567
4443.447124 1.015627
4443.647118 0.997564
4443.847111 1.013377
4444.047104 1.033620
4444.247097 0.980203
4444.447090 0.992253
4444.647083 1.007965
4444.847076 0.989807
4445.047069 1.065555
4445.247063 1.050518
4445.447056 0.976030
4445.647049 1.071719
4445.847042 1.020211
4446.047035 1.030255
4446.247028 0.993471
4446.447021 1.005928
4446.647014 0.991567
4446.847008 0.946390
4447.047001 0.984436
4447.246994 1.051919
4447.446987 1.002259
4447.646980 0.990496
4447.846973 0.999228
4448.046966 0.987579
4448.246959 1.009026
4448.446952 1.029475
4448.646946 0.997504
4448.846939 0.991665
4449.046932 0.988072
4449.246925 1.042601
4449.446918 0.980274
4449.646911 1.008691
4449.846904 1.017483
4450.046897 0.997282
4450.246891 1.004965
4450.446884 1.004523
4450.646877 1.003375
4450.846870 1.015783
4451.046863 0.982497
4451.246856 1.005056
4451.446849 1.042787
4451.646842 0.978514
4451.846835 0.972806
4452.046829 1.014444
4452.246822 1.018991
4452.446815 1.049101
4452.646808 0.975722
4452.846801 1.018006
4453.046794 1.030006
4453.246787 0.966964
4453.446780 0.986184
4453.646774 1.016234
4453.846767 1.013509
4454.046760 1.018941
4454.246753 0.997015
4454.446746 0.999009
4454.646739 0.993496
4454.846732 0.993771
4455.046725 1.006771
4455.246719 1.043529
4455.446712 1.022725
4455.646705 1.016410
4455.846698 1.028542
4456.046691 1.041349
4456.246684 1.005428
4456.446677 1.006092
4456.646670 0.982854
4456.846663 0.959183
4457.046657 1.007616
4457.246650 1.000040
4457.446643 0.964096
4457.646636 1.038305
4457.846629 0.999421
4458.046622 0.991251
4458.246615 1.028560
4458.446608 1.058905
4458.646602 0.987747
4458.846595 1.006676
4459.046588 1.022840
4459.246581 1.015532
4459.446574 1.018824
4459.646567 1.042848
4459.846560 1.016245
4460.046553 0.979747
4460.246546 0.997986
4460.446540 1.008199
4460.646533 0.962263
4460.846526 1.059314
4461.046519 1.010276
4461.246512 0.962281
4461.446505 1.031474
4461.646498 1.020322
4461.846491 1.002927
4462.046485 1.009523
4462.246478 1.018812
4462.446471 0.985763
4462.646464 1.006882
4462.846457 1.011455
4463.046450 0.966059
4463.246443 0.963446
4463.446436 1.010938
4463.646430 1.000883
4463.846423 0.989063
4464.046416 1.021091
4464.246409 0.972596
4464.446402 1.033026
4464.646395 1.032499
4464.846388 1.021073
4465.046381 0.950724
4465.246374 0.994336
4465.446368 1.028587
4465.646361 1.014302
4465.846354 0.996983
4466.046347 1.014315
4466.246340 1.022922
4466.446333 0.983002
4466.646326 0.994447
4466.846319 1.021918
4467.046313 1.019267
4467.246306 1.002901
4467.446299 0.990361
4467.646292 1.042028
4467.846285 0.986315
4468.046278 1.006333
4468.246271 0.989938
4468.446264 0.938164
4468.646258 0.957100
4468.846251 0.995705
4469.046244 0.952682
4469.246237 0.943583
4469.446230 0.959681
4469.646223 0.955514
4469.846216 0.969483
4470.046209 0.885692
4470.246202 0.923042
4470.446196 0.934535
4470.646189 0.872290
4470.846182 0.949803
4471.046175 0.860153
4471.246168 0.921016
4471.446161 0.941881
4471.646154 0.887732
4471.846147 0.883896
4472.046141 0.860390
4472.246134 0.888783
4472.446127 0.914105
4472.646120 0.905303
4472.846113 0.892080
4473.046106 0.897653
4473.246099 0.933833
4473.446092 0.941824
4473.646085 0.959770
4473.846079 0.912740
4474.046072 0.918122
4474.246065 0.923591
4474.446058 0.924157
4474.646051 0.901817
4474.846044 0.887960
4475.046037 0.906192
4475.246030 0.873760
4475.446024 0.898193
4475.646017 0.885728
4475.846010 0.895932
4476.046003 0.909470
4476.245996 0.885206
4476.445989 0.910819
4476.645982 0.890251
4476.845975 0.949676
4477.045969 0.956575
4477.245962 0.935606
4477.445955 0.965906
4477.645948 0.979480
4477.845941 0.940976
4478.045934 0.961442
4478.245927 1.018649
4478.445920 0.960636
4478.645913 0.999005
4478.845907 0.962605
4479.045900 1.007429
4479.245893 0.969038
4479.445886 0.970720
4479.645879 1.009404
4479.845872 1.001298
4480.045865 0.945214
4480.245858 0.943233
4480.445852 0.955339
4480.645845 0.960907
4480.845838 0.951385
4481.045831 0.972086
4481.245824 0.972440
4481.445817 1.021289
4481.645810 1.013143
4481.845803 1.023800
4482.045796 1.018121
4482.245790 0.961618
4482.445783 0.987045
4482.645776 0.981345
4482.845769 0.995343
4483.045762 0.973900
4483.245755 0.941149
4483.445748 0.990361
4483.645741 0.976142
4483.845735 1.060101
4484.045728 0.935146
4484.245721 1.007075
4484.445714 1.026358
4484.645707 1.004942
4484.845700 0.982137
4485.045693 0.970633
4485.245686 0.996606
4485.445680 1.004082
4485.645673 1.019411
4485.845666 0.982248
4486.045659 0.969646
4486.245652 1.028759
4486.445645 0.985678
4486.645638 0.998682
4486.845631 1.028679
4487.045624 1.051754
4487.245618 1.051585
4487.445611 1.028756
4487.645604 1.017389
4487.845597 1.004244
4488.045590 1.015646
4488.245583 1.006868
4488.445576 1.013895
4488.645569 1.014232
4488.845563 0.996978
4489.045556 0.956816
4489.245549 1.061710
4489.445542 1.015314
4489.645535 1.000272
4489.845528 1.017833
4490.045521 1.049006
4490.245514 1.023290
4490.445508 0.981645
4490.645501 1.024608
4490.845494 0.974999
4491.045487 1.014609
4491.245480 0.999210
4491.445473 1.048137
4491.645466 0.986404
4491.845459 0.996722
4492.045452 0.980040
4492.245446 0.995649
4492.445439 0.960414
4492.645432 1.002656
4492.845425 0.993995
4493.045418 0.995451
4493.245411 0.997272
4493.445404 1.026929
4493.645397 1.012444
4493.845391 1.022702
4494.045384 1.034041
4494.245377 0.975669
4494.445370 0.983631
4494.645363 1.039745
4494.845356 1.030993
4495.045349 0.994919
4495.245342 1.014842
4495.445335 1.033274
4495.645329 1.001261
4495.845322 0.968130
4496.045315 1.019071
4496.245308 0.986533
4496.445301 1.009699
4496.645294 1.066739
4496.845287 1.006723
4497.045280 1.015921
4497.245274 1.026979
4497.445267 1.033853
4497.645260 1.032940
4497.845253 1.001670
4498.045246 1.014874
4498.245239 0.998923
4498.445232 0.956774
4498.645225 1.048512
4498.845219 1.012561
4499.045212 1.026803
4499.245205 0.998434
4499.445198 1.004429
4499.645191 0.963115
4499.845184 0.971325
4500.045177 1.026291
4500.245170 1.037424
4500.445163 1.038955
4500.645157 1.018126
4500.845150 1.023624
4501.045143 1.061673
4501.245136 1.067936
4501.445129 1.011299
4501.645122 1.019380
4501.845115 1.018560
4502.045108 0.982768
4502.245102 1.048555
4502.445095 0.987218
4502.645088 1.037937
4502.845081 1.031876
4503.045074 1.033794
4503.245067 0.983779
4503.445060 1.057042
4503.645053 1.012390
4503.845046 1.029695
4504.045040 1.037421
4504.245033 1.053916
4504.445026 1.036756
4504.645019 1.019918
4504.845012 1.061887
4505.045005 1.043124
4505.244998 0.980783
4505.444991 1.008626
4505.644985 1.006105
4505.844978 0.972657
4506.044971 0.995955
4506.244964 1.074236
4506.444957 1.013377
4506.644950 0.996529
4506.844943 1.044019
4507.044936 1.067128
4507.244930 0.978808
4507.444923 0.966801
4507.644916 0.996093
4507.844909 1.042268
4508.044902 1.069972
4508.244895 0.998104
4508.444888 0.999184
4508.644881 0.996724
4508.844874 1.017742
4509.044868 1.000220
4509.244861 1.046265
4509.444854 0.998835
4509.644847 1.046579
4509.844840 1.050406
4510.044833 0.973410
4510.244826 0.989797
4510.444819 0.985316
4510.644813 1.026324
4510.844806 1.036158
4511.044799 1.005489
4511.244792 1.024595
4511.444785 1.025825
4511.644778 0.999706
4511.844771 0.995987
4512.044764 0.991822
4512.244758 1.009862
4512.444751 1.017918
4512.644744 0.996819
4512.844737 0.996232
4513.044730 1.011077
4513.244723 0.986062
4513.444716 0.984850
4513.644709 1.001597
4513.844702 1.004426
4514.044696 1.063454
4514.244689 1.014037
4514.444682 0.972027
4514.644675 1.017561
4514.844668 0.913325
4515.044661 0.987904
4515.244654 1.014285
4515.444647 1.005413
4515.644641 1.005834
4515.844634 0.998244
4516.044627 1.004326
4516.244620 1.024755
4516.444613 1.053975
4516.644606 1.033917
4516.844599 1.072312
4517.044592 1.040174
4517.244585 1.049326
4517.444579 1.064682
4517.644572 1.022333
4517.844565 1.011769
4518.044558 0.999207
4518.244551 1.048907
4518.444544 1.027236
4518.644537 1.005196
4518.844530 0.984688
4519.044524 1.031325
4519.244517 1.033378
4519.444510 1.046331
4519.644503 1.046551
4519.844496 1.031767
4520.044489 1.047538
4520.244482 1.032969
4520.444475 1.067855
4520.644469 0.991131
4520.844462 1.020966
4521.044455 0.999560
4521.244448 1.026723
4521.444441 1.024854
4521.644434 1.007645
4521.844427 1.036647
4522.044420 1.031957
4522.244413 1.012156
4522.444407 1.029731
4522.644400 1.024050
4522.844393 1.003855
4523.044386 1.009441
4523.244379 1.039510
4523.444372 1.024331
4523.644365 0.979663
4523.844358 1.036186
4524.044352 0.982522
4524.244345 1.015747
4524.444338 0.977789
4524.644331 1.018792
4524.844324 0.977883
4525.044317 1.052063
4525.244310 1.000780
4525.444303 1.047736
4525.644297 1.030810
4525.844290 1.030753
4526.044283 1.069085
4526.244276 0.978654
4526.444269 1.004589
4526.644262 0.997260
4526.844255 0.993614
4527.044248 0.999595
4527.244241 1.016187
4527.444235 1.025885
4527.644228 1.010905
4527.844221 1.057007
4528.044214 1.014614
4528.244207 0.960341
4528.444200 0.996970
4528.644193 1.028593
4528.844186 1.074081
4529.044180 1.005569
4529.244173 0.977712
4529.444166 0.993922
4529.644159 1.020483
4529.844152 1.045266
4530.044145 1.062082
4530.244138 1.023798
4530.444131 1.006494
4530.644124 1.014862
4530.844118 1.056788
4531.044111 1.009059
4531.244104 0.998147
4531.444097 0.995201
4531.644090 1.008910
4531.844083 0.991654
4532.044076 1.039154
4532.244069 1.030848
4532.444063 0.950830
4532.644056 1.023870
4532.844049 0.987623
4533.044042 1.075198
4533.244035 1.062598
4533.444028 1.031061
4533.644021 1.022190
4533.844014 0.970151
4534.044008 1.020638
4534.244001 0.964069
4534.443994 0.981801
4534.643987 1.056745
4534.843980 1.009437
4535.043973 1.065897
4535.243966 1.033461
4535.443959 1.036895
4535.643952 1.056145
4535.843946 1.012062
4536.043939 1.037966
4536.243932 0.990164
4536.443925 0.994848
4536.643918 1.020380
4536.843911 1.007864
4537.043904 0.991561
4537.243897 1.058730
4537.443891 0.991755
4537.643884 1.021859
4537.843877 1.005313
4538.043870 1.017968
4538.243863 1.018343
4538.443856 1.032282
4538.643849 1.073876
4538.843842 0.982659
4539.043835 1.016058
4539.243829 1.016999
4539.443822 1.012049
4539.643815 1.064813
4539.843808 0.988083
4540.043801 1.026187
4540.243794 0.978530
4540.443787 1.013969
4540.643780 1.031186
4540.843774 1.056955
4541.043767 0.971153
4541.243760 1.005108
4541.443753 1.000709
4541.643746 1.022713
4541.843739 1.024157
4542.043732 1.037989
4542.243725 0.985256
4542.443719 0.981614
4542.643712 0.970177
4542.843705 0.993535
4543.043698 1.027710
4543.243691 1.034585
4543.443684 1.028299
4543.643677 1.004452
4543.843670 1.048304
4544.043663 1.025628
4544.243657 0.994212
4544.443650 0.979433
4544.643643 1.023475
4544.843636 0.999229
4545.043629 0.995165
4545.243622 1.013848
4545.443615 0.989604
4545.643608 0.987280
4545.843602 0.953063
4546.043595 0.992966
4546.243588 1.008724
4546.443581 1.028687
4546.643574 1.048023
4546.843567 0.987099
4547.043560 0.999017
4547.243553 1.013741
4547.443547 0.991987
4547.643540 1.026159
4547.843533 0.961794
4548.043526 1.023969
4548.243519 1.017290
4548.443512 0.976149
4548.643505 1.014844
4548.843498 0.961343
4549.043491 1.049422
4549.243485 1.051153
4549.443478 0.964011
4549.643471 0.978374
4549.843464 0.944089
4550.043457 0.983108
4550.243450 1.009576
4550.443443 1.013276
4550.643436 0.959184
4550.843430 0.972459
4551.043423 0.969012
4551.243416 1.022964
4551.443409 1.018483
4551.643402 1.033759
4551.843395 0.931926
4552.043388 0.928398
4552.243381 1.000536
4552.443374 0.956188
4552.643368 1.005085
4552.843361 0.993307
4553.043354 1.058986
4553.243347 1.039448
4553.443340 1.049451
4553.643333 0.949700
4553.843326 0.968185
4554.043319 0.968757
4554.243313 0.924287
4554.443306 0.938612
4554.643299 0.976154
4554.843292 1.017110
4555.043285 1.013851
4555.243278 1.006244
4555.443271 0.948456
4555.643264 1.030943
4555.843258 0.967358
4556.043251 0.955104
4556.243244 1.001508
4556.443237 1.108392
4556.643230 0.961628
4556.843223 1.015237
4557.043216 0.953420
4557.243209 0.971879
4557.443202 0.974900
4557.643196 0.919741
4557.843189 0.984617
4558.043182 0.972063
4558.243175 0.980004
4558.443168 0.987570
4558.643161 1.038153
4558.843154 1.044574
4559.043147 1.019174
4559.243141 1.015595
4559.443134 1.025123
4559.643127 0.987594
4559.843120 0.978658
4560.043113 0.980855
4560.243106 0.985579
4560.443099 0.994147
4560.643092 1.018563
4560.843085 1.017107
4561.043079 0.986070
4561.243072 1.052639
4561.443065 0.926714
4561.643058 0.927228
4561.843051 1.035195
4562.043044 1.005184
4562.243037 1.007894
4562.443030 1.026338
4562.643024 0.959470
4562.843017 1.024637
4563.043010 0.943794
4563.243003 1.006287
4563.442996 0.916055
4563.642989 0.953876
4563.842982 1.024191
4564.042975 0.940271
4564.242969 1.014750
4564.442962 0.998173
4564.642955 0.964305
4564.842948 0.987641
4565.042941 0.859704
4565.242934 0.948836
4565.442927 0.948697
4565.642920 0.975933
4565.842913 1.044107
4566.042907 0.946877
4566.242900 1.015251
4566.442893 0.975695
4566.642886 -0.265963
4566.842879 -0.264330
4567.042872 -0.249519
4567.242865 -0.248523
4567.442858 -0.241766
4567.642852 -0.264208
4567.842845 -0.247314
4568.042838 -0.242387
4568.242831 -0.237476
4568.442824 -0.223818
4568.642817 -0.224669
4568.842810 -0.000010
4569.042803 0.000003
4569.242797 -0.000001
4569.442790 0.000000
4569.642783 -0.000000
4569.842776 0.000000
4570.042769 -0.000000
4570.242762 0.000000
4570.442755 -0.000000
4570.642748 0.000000
4570.842741 -0.000000
