3959.865432 1.054276
3960.065426 1.052066
3960.265419 1.060759
3960.465412 0.995229
3960.665405 0.988229
3960.865399 0.917209
3961.065392 0.952519
3961.265385 0.965245
3961.465378 1.030859
3961.665371 1.005805
3961.865365 1.026118
3962.065358 1.048772
3962.265351 1.021919
3962.465344 1.007779
3962.665337 1.014884
3962.865331 1.001104
3963.065324 1.010684
3963.265317 0.956349
3963.465310 0.970793
3963.665303 0.969235
3963.865297 0.958001
3964.065290 1.014766
3964.265283 1.007095
3964.465276 0.853633
3964.665269 0.948819
3964.865263 0.925497
3965.065256 0.916061
3965.265249 0.971922
3965.465242 0.937307
3965.665235 1.028474
3965.865229 0.986001
3966.065222 0.913634
3966.265215 0.910967
3966.465208 1.017932
3966.665201 0.926752
3966.865195 0.939811
3967.065188 0.856954
3967.265181 0.945357
3967.465174 0.929792
3967.665167 0.918197
3967.865161 0.933310
3968.065154 0.827870
3968.265147 0.778486
3968.465140 0.849511
3968.665133 0.774101
3968.865127 0.840717
3969.065120 0.869044
3969.265113 0.810154
3969.465106 0.763565
3969.665099 0.822092
3969.865093 0.669414
3970.065086 0.644060
3970.265079 0.667855
3970.465072 0.622488
3970.665065 0.653765
3970.865059 0.606534
3971.065052 0.708961
3971.265045 0.794961
3971.465038 0.758428
3971.665032 0.759357
3971.865025 0.825663
3972.065018 0.738616
3972.265011 0.726672
3972.465004 0.752286
3972.664998 0.729378
3972.864991 0.727226
3973.064984 0.669376
3973.264977 0.721803
3973.464970 0.778151
3973.664964 0.735319
3973.864957 0.731086
3974.064950 0.832182
3974.264943 0.719488
3974.464936 0.890169
3974.664930 0.765575
3974.864923 0.813268
3975.064916 0.709472
3975.264909 0.777235
3975.464902 0.811349
3975.664896 0.775413
3975.864889 0.854235
3976.064882 0.802386
3976.264875 0.798014
3976.464868 0.747362
3976.664862 0.820796
3976.864855 0.774795
3977.064848 0.846822
3977.264841 0.894839
3977.464834 0.805106
3977.664828 0.900782
3977.864821 0.774603
3978.064814 0.913299
3978.264807 0.828668
3978.464800 0.893349
3978.664794 0.837750
3978.864787 0.918661
3979.064780 0.884545
3979.264773 0.868088
3979.464766 0.887981
3979.664760 0.869588
3979.864753 0.864499
3980.064746 0.959077
3980.264739 0.921758
3980.464732 0.969929
3980.664726 0.917253
3980.864719 0.929461
3981.064712 0.975202
3981.264705 1.029621
3981.464698 0.961702
3981.664692 0.859067
3981.864685 1.016127
3982.064678 1.050034
3982.264671 1.028529
3982.464665 1.040773
3982.664658 1.078491
3982.864651 0.974023
3983.064644 1.031198
3983.264637 1.019882
3983.464631 0.941832
3983.664624 0.955733
3983.864617 0.946671
3984.064610 0.924458
3984.264603 0.984583
3984.464597 1.045592
3984.664590 1.099846
3984.864583 1.008370
3985.064576 0.983528
3985.264569 1.057126
3985.464563 1.105405
3985.664556 0.946129
3985.864549 0.949722
3986.064542 1.078815
3986.264535 0.909913
3986.464529 1.007062
3986.664522 1.057884
3986.864515 0.931922
3987.064508 1.002353
3987.264501 1.033880
3987.464495 1.027435
3987.664488 1.029125
3987.864481 1.005474
3988.064474 1.027753
3988.264467 1.059023
3988.464461 1.107248
3988.664454 1.041448
3988.864447 0.986925
3989.064440 0.925158
3989.264433 0.938152
3989.464427 0.983136
3989.664420 1.020530
3989.864413 0.964774
3990.064406 0.948027
3990.264399 1.043152
3990.464393 0.998251
3990.664386 1.072759
3990.864379 1.012500
3991.064372 1.039088
3991.264365 1.093066
3991.464359 1.021976
3991.664352 1.128341
3991.864345 1.090446
3992.064338 0.955539
3992.264331 0.977785
3992.464325 1.042657
3992.664318 1.029487
3992.864311 1.041659
3993.064304 1.049512
3993.264298 0.920761
3993.464291 0.934679
3993.664284 1.015337
3993.864277 0.939072
3994.064270 1.023213
3994.264264 1.206445
3994.464257 1.105304
3994.664250 1.062383
3994.864243 1.088029
3995.064236 1.030401
3995.264230 1.034311
3995.464223 1.015870
3995.664216 0.964468
3995.864209 1.072663
3996.064202 1.100026
3996.264196 1.046014
3996.464189 0.986174
3996.664182 1.073214
3996.864175 1.056013
3997.064168 0.970599
3997.264162 0.988259
3997.464155 1.081820
3997.664148 1.056191
3997.864141 0.979831
3998.064134 1.081610
3998.264128 1.048738
3998.464121 1.092211
3998.664114 0.960944
3998.864107 1.146778
3999.064100 1.088976
3999.264094 1.048662
3999.464087 1.068057
3999.664080 1.031097
3999.864073 1.030635
4000.064066 1.094377
4000.264060 1.016787
4000.464053 1.050880
4000.664046 0.938823
4000.864039 1.123072
4001.064032 1.039557
4001.264026 1.052152
4001.464019 1.018878
4001.664012 1.025459
4001.864005 1.065744
4002.063998 1.100627
4002.263992 1.089450
4002.463985 1.050052
4002.663978 1.010777
4002.863971 1.102962
4003.063964 1.069811
4003.263958 1.099550
4003.463951 1.057573
4003.663944 0.993294
4003.863937 1.016143
4004.063931 1.032227
4004.263924 1.020213
4004.463917 1.060772
4004.663910 1.080135
4004.863903 1.067280
4005.063897 1.070380
4005.263890 1.132800
4005.463883 1.078253
4005.663876 1.050949
4005.863869 1.038880
4006.063863 1.075538
4006.263856 1.057106
4006.463849 0.995424
4006.663842 1.055381
4006.863835 1.006787
4007.063829 1.046324
4007.263822 0.996780
4007.463815 1.012511
4007.663808 0.993348
4007.863801 1.058057
4008.063795 1.049770
4008.263788 1.024631
4008.463781 1.029764
4008.663774 1.114794
4008.863767 1.072964
4009.063761 1.018507
4009.263754 1.019100
4009.463747 1.044935
4009.663740 1.038972
4009.863733 1.032156
4010.063727 0.988259
4010.263720 1.102056
4010.463713 1.078299
4010.663706 1.061769
4010.863699 1.011498
4011.063693 0.988679
4011.263686 0.968277
4011.463679 0.953898
4011.663672 1.052215
4011.863665 1.035197
4012.063659 1.000240
4012.263652 1.018515
4012.463645 1.031401
4012.663638 1.048753
4012.863631 1.031821
4013.063625 0.933381
4013.263618 1.033405
4013.463611 1.090755
4013.663604 1.025194
4013.863597 0.870822
4014.063591 0.906363
4014.263584 0.958295
4014.463577 0.946340
4014.663570 0.981692
4014.863564 0.906496
4015.063557 0.950360
4015.263550 0.924467
4015.463543 0.930920
4015.663536 0.959078
4015.863530 1.093838
4016.063523 1.079155
4016.263516 1.066772
4016.463509 1.019563
4016.663502 0.947233
4016.863496 1.010147
4017.063489 0.963417
4017.263482 1.070195
4017.463475 1.012622
4017.663468 1.045702
4017.863462 0.969639
4018.063455 1.025351
4018.263448 0.975498
4018.463441 0.989203
4018.663434 1.069666
4018.863428 1.063741
4019.063421 1.075285
4019.263414 1.038691
4019.463407 0.924523
4019.663400 1.037438
4019.863394 1.013180
4020.063387 0.947252
4020.263380 1.104277
4020.463373 1.030311
4020.663366 1.010484
4020.863360 0.917200
4021.063353 0.984228
4021.263346 1.042895
4021.463339 1.053254
4021.663332 0.970739
4021.863326 1.016543
4022.063319 1.052028
4022.263312 0.995253
4022.463305 1.000916
4022.663298 0.990737
4022.863292 1.042604
4023.063285 0.920457
4023.263278 0.968856
4023.463271 0.953351
4023.663264 0.984888
4023.863258 1.006572
4024.063251 0.904426
4024.263244 0.971272
4024.463237 0.996637
4024.663230 0.968175
4024.863224 1.042182
4025.063217 0.983486
4025.263210 0.962893
4025.463203 0.893326
4025.663196 0.993774
4025.863190 1.020385
4026.063183 0.965433
4026.263176 0.835022
4026.463169 0.887755
4026.663163 0.906281
4026.863156 0.945747
4027.063149 0.887474
4027.263142 0.892632
4027.463135 0.969465
4027.663129 0.897585
4027.863122 0.962609
4028.063115 0.944151
4028.263108 0.966274
4028.463101 0.882867
4028.663095 0.925144
4028.863088 0.924070
4029.063081 0.899694
4029.263074 0.956219
4029.463067 0.934878
4029.663061 0.908984
4029.863054 0.904151
4030.063047 0.888606
4030.263040 0.907022
4030.463033 0.923697
4030.663027 0.934475
4030.863020 0.890195
4031.063013 0.951939
4031.263006 0.904890
4031.462999 0.938063
4031.662993 1.095054
4031.862986 0.865088
4032.062979 0.895289
4032.262972 0.891826
4032.462965 0.937396
4032.662959 0.920899
4032.862952 0.963401
4033.062945 0.944055
4033.262938 0.910121
4033.462931 0.970979
4033.662925 1.013137
4033.862918 0.996594
4034.062911 1.034804
4034.262904 1.006981
4034.462897 0.962178
4034.662891 0.957299
4034.862884 0.977089
4035.062877 1.031941
4035.262870 1.026119
4035.462863 1.078619
4035.662857 0.990768
4035.862850 1.061613
4036.062843 1.043519
4036.262836 1.037607
4036.462829 1.000142
4036.662823 1.073997
4036.862816 1.080697
4037.062809 0.978263
4037.262802 1.054631
4037.462796 1.009849
4037.662789 1.005854
4037.862782 1.060888
4038.062775 0.983634
4038.262768 1.013015
4038.462762 1.030027
4038.662755 1.028754
4038.862748 0.967188
4039.062741 1.117747
4039.262734 0.950072
4039.462728 1.038396
4039.662721 1.002254
4039.862714 0.967351
4040.062707 1.026187
4040.262700 1.030723
4040.462694 1.030327
4040.662687 0.998487
4040.862680 0.956352
4041.062673 1.008941
4041.262666 0.955227
4041.462660 1.031249
4041.662653 1.001276
4041.862646 1.040987
4042.062639 1.045583
4042.262632 1.013973
4042.462626 1.065183
4042.662619 0.948631
4042.862612 0.937663
4043.062605 1.027865
4043.262598 0.978625
4043.462592 1.044719
4043.662585 1.003255
4043.862578 1.043182
4044.062571 1.017125
4044.262564 0.974471
4044.462558 1.110102
4044.662551 0.992867
4044.862544 1.047124
4045.062537 1.091443
4045.262530 1.039125
4045.462524 0.967183
4045.662517 0.995872
4045.862510 0.991411
4046.062503 1.080307
4046.262496 1.035803
4046.462490 1.003847
4046.662483 1.097146
4046.862476 1.091591
4047.062469 1.007880
4047.262462 1.091250
4047.462456 1.088059
4047.662449 1.039733
4047.862442 1.001359
4048.062435 1.024169
4048.262429 0.947458
4048.462422 1.079386
4048.662415 1.027555
4048.862408 0.963037
4049.062401 0.943023
4049.262395 1.013680
4049.462388 0.992957
4049.662381 0.824660
4049.862374 1.052661
4050.062367 1.038594
4050.262361 0.991598
4050.462354 0.965861
4050.662347 0.942337
4050.862340 1.098720
4051.062333 1.032148
4051.262327 0.984702
4051.462320 1.042516
4051.662313 0.934105
4051.862306 0.980723
4052.062299 0.990156
4052.262293 0.972504
4052.462286 1.007777
4052.662279 1.006650
4052.862272 1.025901
4053.062265 1.031866
4053.262259 1.068682
4053.462252 1.013430
4053.662245 1.015636
4053.862238 0.980197
4054.062231 0.993699
4054.262225 1.071009
4054.462218 1.045245
4054.662211 1.081876
4054.862204 0.995194
4055.062197 0.961586
4055.262191 1.012692
4055.462184 0.963818
4055.662177 1.018782
4055.862170 1.043122
4056.062163 1.064904
4056.262157 0.983968
4056.462150 0.996267
4056.662143 1.084367
4056.862136 1.020202
4057.062129 1.021508
4057.262123 1.012808
4057.462116 1.028102
4057.662109 1.036502
4057.862102 1.010975
4058.062095 0.983784
4058.262089 0.905742
4058.462082 1.058804
4058.662075 1.041192
4058.862068 1.037337
4059.062062 1.057131
4059.262055 1.041423
4059.462048 1.040273
4059.662041 0.993289
4059.862034 1.048520
4060.062028 0.985540
4060.262021 0.970192
4060.462014 1.071927
4060.662007 1.005958
4060.862000 1.050062
4061.061994 1.063094
4061.261987 1.005523
4061.461980 1.042821
4061.661973 1.022609
4061.861966 0.954387
4062.061960 1.034400
4062.261953 0.968312
4062.461946 1.004215
4062.661939 1.102659
4062.861932 1.061705
4063.061926 0.988322
4063.261919 0.983792
4063.461912 1.089526
4063.661905 0.950246
4063.861898 1.097630
4064.061892 0.985779
4064.261885 1.049407
4064.461878 1.050274
4064.661871 0.980717
4064.861864 1.085884
4065.061858 1.079752
4065.261851 1.017037
4065.461844 0.997159
4065.661837 0.955236
4065.861830 1.005809
4066.061824 1.070277
4066.261817 1.046101
4066.461810 1.051586
4066.661803 1.088859
4066.861796 1.102261
4067.061790 0.991644
4067.261783 1.018755
4067.461776 0.977586
4067.661769 1.014403
4067.861762 1.040792
4068.061756 0.984122
4068.261749 0.968313
4068.461742 1.072503
4068.661735 1.031366
4068.861728 0.979642
4069.061722 1.051602
4069.261715 1.005313
4069.461708 1.076432
4069.661701 1.034471
4069.861695 0.984545
4070.061688 1.040288
4070.261681 1.017480
4070.461674 1.004983
4070.661667 0.961521
4070.861661 0.956717
4071.061654 0.982779
4071.261647 0.941779
4071.461640 0.970596
4071.661633 0.945068
4071.861627 0.982563
4072.061620 0.959841
4072.261613 0.931939
4072.461606 1.002221
4072.661599 0.961309
4072.861593 1.025009
4073.061586 0.983927
4073.261579 1.028214
4073.461572 0.897877
4073.661565 0.914103
4073.861559 0.998336
4074.061552 1.011358
4074.261545 0.982041
4074.461538 0.972126
4074.661531 0.944865
4074.861525 0.954261
4075.061518 0.999288
4075.261511 0.975066
4075.461504 1.014927
4075.661497 1.053676
4075.861491 0.990940
4076.061484 0.981620
4076.261477 1.004537
4076.461470 1.020415
4076.661463 0.982330
4076.861457 1.045150
4077.061450 1.049352
4077.261443 1.033368
4077.461436 1.005714
4077.661429 0.974785
4077.861423 1.040043
4078.061416 1.029989
4078.261409 0.972840
4078.461402 0.938126
4078.661395 1.035168
4078.861389 0.930003
4079.061382 0.905238
4079.261375 0.899809
4079.461368 0.991496
4079.661361 0.995981
4079.861355 0.989174
4080.061348 0.880782
4080.261341 1.047965
4080.461334 1.011744
4080.661328 0.919675
4080.861321 1.063689
4081.061314 0.992889
4081.261307 0.984393
4081.461300 0.994306
4081.661294 0.983570
4081.861287 0.952998
4082.061280 0.932126
4082.261273 1.044249
4082.461266 0.984882
4082.661260 1.065556
4082.861253 1.033808
4083.061246 0.989660
4083.261239 0.983152
4083.461232 0.990907
4083.661226 0.931452
4083.861219 1.017108
4084.061212 0.935538
4084.261205 0.998254
4084.461198 0.999075
4084.661192 0.962189
4084.861185 0.986147
4085.061178 0.955673
4085.261171 0.959165
4085.461164 0.973018
4085.661158 0.917218
4085.861151 0.967088
4086.061144 1.021531
4086.261137 0.965370
4086.461130 1.088999
4086.661124 0.943197
4086.861117 1.017689
4087.061110 1.053373
4087.261103 1.030170
4087.461096 0.947136
4087.661090 1.018620
4087.861083 1.004597
4088.061076 1.029073
4088.261069 1.043428
4088.461062 1.013644
4088.661056 0.916051
4088.861049 1.061725
4089.061042 1.007163
4089.261035 1.010131
4089.461028 0.948125
4089.661022 0.962026
4089.861015 0.983989
4090.061008 0.882253
4090.261001 0.949951
4090.460994 0.979393
4090.660988 0.972466
4090.860981 0.993245
4091.060974 0.928367
4091.260967 0.968926
4091.460961 0.894806
4091.660954 0.980989
4091.860947 0.939692
4092.060940 0.961124
4092.260933 1.016627
4092.460927 1.008919
4092.660920 1.014682
4092.860913 0.932288
4093.060906 0.930228
4093.260899 0.934445
4093.460893 0.972980
4093.660886 0.940554
4093.860879 0.883308
4094.060872 0.963491
4094.260865 0.988154
4094.460859 0.941922
4094.660852 0.943443
4094.860845 0.933925
4095.060838 1.008911
4095.260831 0.990695
4095.460825 0.940421
4095.660818 0.952133
4095.860811 0.901228
4096.060804 0.904136
4096.260797 0.852897
4096.460791 0.902509
4096.660784 0.975877
4096.860777 0.928290
4097.060770 0.925158
4097.260763 0.907262
4097.460757 0.942272
4097.660750 0.937030
4097.860743 0.919695
4098.060736 0.891946
4098.260729 0.879571
4098.460723 0.917737
4098.660716 0.960036
4098.860709 0.815940
4099.060702 0.898793
4099.260695 0.804336
4099.460689 0.825242
4099.660682 0.857045
4099.860675 0.856109
4100.060668 0.841712
4100.260661 0.820521
4100.460655 0.790113
4100.660648 0.755203
4100.860641 0.803770
4101.060634 0.751209
4101.260627 0.737323
4101.460621 0.756239
4101.660614 0.705190
4101.860607 0.769278
4102.060600 0.737518
4102.260594 0.767208
4102.460587 0.673223
4102.660580 0.727308
4102.860573 0.791496
4103.060566 0.662815
4103.260560 0.760393
4103.460553 0.729537
4103.660546 0.685793
4103.860539 0.704069
4104.060532 0.767470
4104.260526 0.752575
4104.460519 0.800633
4104.660512 0.739273
4104.860505 0.767133
4105.060498 0.721480
4105.260492 0.698365
4105.460485 0.709030
4105.660478 0.737272
4105.860471 0.696066
4106.060464 0.724945
4106.260458 0.761365
4106.460451 0.749292
4106.660444 0.769578
4106.860437 0.725657
4107.060430 0.736276
4107.260424 0.790159
4107.460417 0.672519
4107.660410 0.737034
4107.860403 0.723113
4108.060396 0.763255
4108.260390 0.724519
4108.460383 0.762369
4108.660376 0.796531
4108.860369 0.801827
4109.060362 0.795671
4109.260356 0.786137
4109.460349 0.870454
4109.660342 0.808735
4109.860335 0.822487
4110.060328 0.845418
4110.260322 0.869633
4110.460315 0.821698
4110.660308 0.785868
4110.860301 0.956194
4111.060294 0.862394
4111.260288 0.854352
4111.460281 0.888110
4111.660274 0.855625
4111.860267 0.878288
4112.060260 0.881696
4112.260254 0.857110
4112.460247 0.913338
4112.660240 0.917653
4112.860233 0.930757
4113.060226 0.904710
4113.260220 0.861006
4113.460213 0.916092
4113.660206 0.930720
4113.860199 0.924546
4114.060193 1.006586
4114.260186 0.934850
4114.460179 0.889443
4114.660172 0.953090
4114.860165 1.024387
4115.060159 0.936514
4115.260152 0.957529
4115.460145 0.896576
4115.660138 0.957143
4115.860131 0.966251
4116.060125 1.014731
4116.260118 0.965613
4116.460111 0.984753
4116.660104 1.036484
4116.860097 0.983200
4117.060091 1.023417
4117.260084 0.945835
4117.460077 1.005279
4117.660070 1.063172
4117.860063 0.993504
4118.060057 0.896251
4118.260050 0.924848
4118.460043 0.999104
4118.660036 1.022399
4118.860029 0.936183
4119.060023 0.949588
4119.260016 0.926527
4119.460009 0.989162
4119.660002 1.017832
4119.859995 1.030035
4120.059989 1.013367
4120.259982 0.933154
4120.459975 0.916305
4120.659968 1.005991
4120.859961 0.942942
4121.059955 0.947869
4121.259948 0.921277
4121.459941 0.954439
4121.659934 0.918642
4121.859927 0.977201
4122.059921 0.995462
4122.259914 1.037603
4122.459907 0.960302
4122.659900 1.007470
4122.859893 1.094361
4123.059887 0.950084
4123.259880 1.002987
4123.459873 0.941848
4123.659866 0.961193
4123.859859 1.010902
4124.059853 1.039444
4124.259846 0.991773
4124.459839 0.962363
4124.659832 1.024085
4124.859826 0.969080
4125.059819 0.989578
4125.259812 0.975306
4125.459805 1.016155
4125.659798 0.933023
4125.859792 1.068446
4126.059785 1.010304
4126.259778 0.934035
4126.459771 0.933051
4126.659764 0.976375
4126.859758 0.970235
4127.059751 0.970761
4127.259744 1.028706
4127.459737 0.944345
4127.659730 0.940485
4127.859724 1.010498
4128.059717 0.959921
4128.259710 0.935567
4128.459703 0.981594
4128.659696 0.995579
4128.859690 1.103875
4129.059683 1.031234
4129.259676 1.022273
4129.459669 0.975524
4129.659662 0.994475
4129.859656 1.039196
4130.059649 0.970437
4130.259642 1.030792
4130.459635 1.020607
4130.659628 1.117351
4130.859622 0.990713
4131.059615 0.974962
4131.259608 1.008547
4131.459601 0.987419
4131.659594 0.943297
4131.859588 0.933490
4132.059581 0.972844
4132.259574 0.961127
4132.459567 1.035642
4132.659560 0.999338
4132.859554 0.992210
4133.059547 0.983198
4133.259540 1.016633
4133.459533 1.087035
4133.659526 1.009048
4133.859520 0.979360
4134.059513 0.999180
4134.259506 0.991926
4134.459499 0.995108
4134.659492 0.988934
4134.859486 0.945640
4135.059479 0.994498
4135.259472 1.030067
4135.459465 0.978492
4135.659459 1.052433
4135.859452 0.973067
4136.059445 1.001186
4136.259438 1.008878
4136.459431 1.062851
4136.659425 1.042419
4136.859418 1.011319
4137.059411 0.929785
4137.259404 0.955898
4137.459397 0.967962
4137.659391 1.017339
4137.859384 0.977803
4138.059377 1.021667
4138.259370 1.026334
4138.459363 0.997540
4138.659357 1.015938
4138.859350 0.986997
4139.059343 0.990509
4139.259336 1.023412
4139.459329 1.021753
4139.659323 1.007201
4139.859316 0.980910
4140.059309 1.006932
4140.259302 0.966557
4140.459295 1.052821
4140.659289 1.033757
4140.859282 1.029501
4141.059275 1.037686
4141.259268 0.990798
4141.459261 1.014551
4141.659255 1.013206
4141.859248 0.976034
4142.059241 1.004760
4142.259234 1.026033
4142.459227 1.047201
4142.659221 0.980711
4142.859214 0.971426
4143.059207 0.992071
4143.259200 0.959961
4143.459193 1.011962
4143.659187 0.966505
4143.859180 0.980453
4144.059173 0.900316
4144.259166 0.935225
4144.459159 0.974458
4144.659153 0.954662
4144.859146 0.947777
4145.059139 0.956160
4145.259132 0.961798
4145.459125 0.925681
4145.659119 0.946105
4145.859112 0.953577
4146.059105 0.964816
4146.259098 1.013514
4146.459092 0.971093
4146.659085 0.970544
4146.859078 0.943504
4147.059071 0.944104
4147.259064 0.922858
4147.459058 0.932770
4147.659051 0.954218
4147.859044 0.949450
4148.059037 0.985720
4148.259030 0.897080
4148.459024 0.972507
4148.659017 0.890192
4148.859010 0.918003
4149.059003 0.966461
4149.258996 0.974390
4149.458990 0.973016
4149.658983 0.932209
4149.858976 0.887533
4150.058969 0.920432
4150.258962 0.886185
4150.458956 0.954766
4150.658949 0.956271
4150.858942 1.020086
4151.058935 0.996731
4151.258928 0.985998
4151.458922 0.946774
4151.658915 0.899858
4151.858908 0.982131
4152.058901 0.921930
4152.258894 0.938040
4152.458888 0.955940
4152.658881 0.982402
4152.858874 0.960955
4153.058867 0.948434
4153.258860 1.003669
4153.458854 1.029346
4153.658847 1.027094
4153.858840 0.970972
4154.058833 0.977260
4154.258826 1.013382
4154.458820 0.965412
4154.658813 0.949168
4154.858806 0.973550
4155.058799 1.000585
4155.258792 1.075421
4155.458786 1.054598
4155.658779 0.974204
4155.858772 1.061793
4156.058765 1.021180
4156.258758 1.033290
4156.458752 1.044696
4156.658745 1.012489
4156.858738 1.028700
4157.058731 1.020139
4157.258725 0.939474
4157.458718 1.065233
4157.658711 1.007596
4157.858704 1.000136
4158.058697 1.033171
4158.258691 0.979650
4158.458684 1.032632
4158.658677 0.997850
4158.858670 1.014764
4159.058663 0.971433
4159.258657 0.953608
4159.458650 1.043709
4159.658643 1.004209
4159.858636 1.032686
4160.058629 1.005513
4160.258623 1.047175
4160.458616 1.010958
4160.658609 1.080130
4160.858602 1.000019
4161.058595 1.003137
4161.258589 1.041502
4161.458582 0.989402
4161.658575 0.993157
4161.858568 0.961464
4162.058561 1.054883
4162.258555 1.066083
4162.458548 1.045644
4162.658541 0.999933
4162.858534 0.982299
4163.058527 1.018690
4163.258521 0.969999
4163.458514 0.994848
4163.658507 0.997083
4163.858500 1.031720
4164.058493 0.978785
4164.258487 1.037791
4164.458480 1.032873
4164.658473 1.019061
4164.858466 1.007702
4165.058459 0.965995
4165.258453 0.991025
4165.458446 1.084146
4165.658439 1.030413
4165.858432 0.995059
4166.058425 1.077588
4166.258419 0.965491
4166.458412 1.070639
4166.658405 1.033531
4166.858398 1.003326
4167.058391 0.974719
4167.258385 0.968996
4167.458378 0.943095
4167.658371 1.017670
4167.858364 1.013198
4168.058358 0.984412
4168.258351 0.962243
4168.458344 1.022840
4168.658337 1.053186
4168.858330 1.003908
4169.058324 0.992170
4169.258317 0.978904
4169.458310 1.043719
4169.658303 0.997645
4169.858296 1.012738
4170.058290 1.026050
4170.258283 1.015924
4170.458276 0.958661
4170.658269 0.944687
4170.858262 1.065038
4171.058256 0.997380
4171.258249 1.004150
4171.458242 1.055924
4171.658235 0.977193
4171.858228 0.972272
4172.058222 0.977563
4172.258215 1.070854
4172.458208 0.968601
4172.658201 0.979162
4172.858194 1.035548
4173.058188 1.033532
4173.258181 1.045640
4173.458174 1.075235
4173.658167 0.969965
4173.858160 0.992190
4174.058154 0.972071
4174.258147 1.031871
4174.458140 1.012800
4174.658133 0.989053
4174.858126 0.925856
4175.058120 1.046724
4175.258113 0.980815
4175.458106 0.963892
4175.658099 1.069937
4175.858092 1.028044
4176.058086 1.030722
4176.258079 0.995776
4176.458072 1.009741
4176.658065 1.013154
4176.858058 1.008952
4177.058052 0.988931
4177.258045 1.015398
4177.458038 1.051204
4177.658031 0.998052
4177.858024 0.958784
4178.058018 0.982150
4178.258011 0.963272
4178.458004 1.009382
4178.657997 1.040466
4178.857991 1.029820
4179.057984 1.075089
4179.257977 0.994637
4179.457970 1.060229
4179.657963 0.985931
4179.857957 1.007339
4180.057950 0.981693
4180.257943 1.047209
4180.457936 1.038680
4180.657929 0.960004
4180.857923 1.042521
4181.057916 1.072476
4181.257909 1.008109
4181.457902 0.977718
4181.657895 1.076821
4181.857889 0.980904
4182.057882 1.048248
4182.257875 1.007905
4182.457868 1.015822
4182.657861 0.979772
4182.857855 0.957714
4183.057848 0.962634
4183.257841 1.089772
4183.457834 1.023154
4183.657827 0.969789
4183.857821 1.030714
4184.057814 1.018042
4184.257807 1.034001
4184.457800 1.001306
4184.657793 1.052474
4184.857787 1.014697
4185.057780 1.014252
4185.257773 0.991299
4185.457766 1.059486
4185.657759 0.996672
4185.857753 0.988000
4186.057746 0.959823
4186.257739 1.026843
4186.457732 0.986532
4186.657725 1.033742
4186.857719 1.015391
4187.057712 0.992039
4187.257705 0.944678
4187.457698 0.964677
4187.657691 0.971578
4187.857685 0.972956
4188.057678 0.970490
4188.257671 1.063717
4188.457664 1.057988
4188.657657 1.069230
4188.857651 1.048970
4189.057644 0.990835
4189.257637 0.975103
4189.457630 0.994255
4189.657624 1.003415
4189.857617 0.992049
4190.057610 1.053874
4190.257603 1.047345
4190.457596 0.981474
4190.657590 0.990745
4190.857583 0.935181
4191.057576 1.054258
4191.257569 1.015924
4191.457562 1.013110
4191.657556 1.018914
4191.857549 1.038683
4192.057542 1.058391
4192.257535 1.063132
4192.457528 1.075339
4192.657522 1.011993
4192.857515 0.971622
4193.057508 1.012480
4193.257501 1.028921
4193.457494 1.014388
4193.657488 1.005676
4193.857481 1.044713
4194.057474 1.069335
4194.257467 0.987781
4194.457460 1.006471
4194.657454 0.972334
4194.857447 1.075424
4195.057440 1.012695
4195.257433 1.024538
4195.457426 0.991184
4195.657420 1.076683
4195.857413 1.095792
4196.057406 1.053394
4196.257399 1.039627
4196.457392 1.038280
4196.657386 1.004347
4196.857379 1.031185
4197.057372 1.025415
4197.257365 1.027639
4197.457358 0.988381
4197.657352 0.985457
4197.857345 0.960857
4198.057338 0.996405
4198.257331 0.992870
4198.457324 1.009643
4198.657318 0.946717
4198.857311 1.019334
4199.057304 1.067106
4199.257297 0.944990
4199.457290 1.079343
4199.657284 1.001574
4199.857277 1.039648
4200.057270 0.967631
4200.257263 1.038880
4200.457256 0.990440
4200.657250 1.011163
4200.857243 1.061060
4201.057236 0.988907
4201.257229 0.966142
4201.457223 1.039277
4201.657216 1.013857
4201.857209 1.010152
4202.057202 0.996587
4202.257195 1.012694
4202.457189 1.030659
4202.657182 1.096174
4202.857175 1.033811
4203.057168 1.045678
4203.257161 1.010602
4203.457155 0.981425
4203.657148 1.029974
4203.857141 0.987971
4204.057134 0.984125
4204.257127 1.003701
4204.457121 1.047887
4204.657114 1.009481
4204.857107 1.035703
4205.057100 1.049371
4205.257093 1.025989
4205.457087 0.996072
4205.657080 1.025593
4205.857073 0.969413
4206.057066 1.046321
4206.257059 0.961763
4206.457053 1.012076
4206.657046 1.054903
4206.857039 0.997367
4207.057032 1.032919
4207.257025 1.055265
4207.457019 0.975498
4207.657012 0.970498
4207.857005 1.026849
4208.056998 1.036816
4208.256991 1.013677
4208.456985 0.995797
4208.656978 1.049552
4208.856971 1.072168
4209.056964 1.032129
4209.256957 1.024028
4209.456951 1.019817
4209.656944 1.018293
4209.856937 0.987490
4210.056930 1.029238
4210.256923 0.950987
4210.456917 1.030719
4210.656910 1.018108
4210.856903 1.104860
4211.056896 1.056094
4211.256889 0.988641
4211.456883 0.961095
4211.656876 1.039440
4211.856869 0.991772
4212.056862 1.037294
4212.256856 0.958301
4212.456849 0.987671
4212.656842 1.017524
4212.856835 1.022821
4213.056828 1.042874
4213.256822 1.001972
4213.456815 1.027592
4213.656808 1.003997
4213.856801 1.034038
4214.056794 1.032598
4214.256788 1.076182
4214.456781 1.017422
4214.656774 1.021531
4214.856767 1.000784
4215.056760 0.974947
4215.256754 1.061610
4215.456747 1.024872
4215.656740 1.004237
4215.856733 1.038210
4216.056726 1.018444
4216.256720 1.071793
4216.456713 1.040406
4216.656706 1.015109
4216.856699 1.038421
4217.056692 0.991234
4217.256686 1.057320
4217.456679 1.047782
4217.656672 1.038445
4217.856665 0.978888
4218.056658 0.979051
4218.256652 1.067445
4218.456645 1.017401
4218.656638 1.006948
4218.856631 0.988504
4219.056624 1.016556
4219.256618 0.992491
4219.456611 1.094597
4219.656604 0.967310
4219.856597 1.021001
4220.056590 0.935231
4220.256584 1.016323
4220.456577 1.001713
4220.656570 1.010337
4220.856563 0.929598
4221.056556 1.008020
4221.256550 1.001531
4221.456543 1.025541
4221.656536 1.008602
4221.856529 1.052444
4222.056522 1.018847
4222.256516 1.047997
4222.456509 1.046168
4222.656502 1.021019
4222.856495 1.119026
4223.056489 1.032146
4223.256482 1.026738
4223.456475 1.015577
4223.656468 1.078647
4223.856461 1.104275
4224.056455 1.023051
4224.256448 0.988300
4224.456441 1.016421
4224.656434 1.020177
4224.856427 1.012522
4225.056421 0.967917
4225.256414 0.975991
4225.456407 0.998031
4225.656400 1.070660
4225.856393 1.040018
4226.056387 0.989479
4226.256380 1.005764
4226.456373 0.985419
4226.656366 0.946527
4226.856359 0.973520
4227.056353 0.975260
4227.256346 0.985050
4227.456339 1.023766
4227.656332 0.964984
4227.856325 1.061118
4228.056319 1.088842
4228.256312 1.044557
4228.456305 1.044749
4228.656298 0.973812
4228.856291 0.995769
4229.056285 0.992676
4229.256278 1.007680
4229.456271 1.041217
4229.656264 1.060121
4229.856257 1.039729
4230.056251 1.026045
4230.256244 1.049206
4230.456237 1.090056
4230.656230 1.054709
4230.856223 1.085002
4231.056217 0.995503
4231.256210 0.973163
4231.456203 0.999626
4231.656196 1.048794
4231.856189 1.095336
4232.056183 0.997151
4232.256176 0.985455
4232.456169 1.006363
4232.656162 0.998493
4232.856155 1.017000
4233.056149 1.060164
4233.256142 1.022797
4233.456135 1.016045
4233.656128 1.043053
4233.856122 1.053331
4234.056115 0.951796
4234.256108 0.993483
4234.456101 1.044445
4234.656094 1.002841
4234.856088 0.969330
4235.056081 1.079097
4235.256074 1.018297
4235.456067 1.056686
4235.656060 1.003479
4235.856054 1.030784
4236.056047 0.971057
4236.256040 1.013559
4236.456033 0.987755
4236.656026 1.007863
4236.856020 1.006056
4237.056013 1.055641
4237.256006 0.993547
4237.455999 0.969666
4237.655992 1.046738
4237.855986 1.014311
4238.055979 0.990411
4238.255972 0.977246
4238.455965 0.953944
4238.655958 0.988509
4238.855952 0.952637
4239.055945 0.963615
4239.255938 1.028898
4239.455931 1.006891
4239.655924 1.017200
4239.855918 0.966853
4240.055911 0.971198
4240.255904 0.985973
4240.455897 1.061136
4240.655890 1.060359
4240.855884 1.018009
4241.055877 1.007706
4241.255870 1.053257
4241.455863 1.019972
4241.655856 1.035689
4241.855850 0.965374
4242.055843 0.990355
4242.255836 1.015421
4242.455829 1.035942
4242.655822 1.051687
4242.855816 1.000408
4243.055809 1.024700
4243.255802 0.971967
4243.455795 1.020949
4243.655788 1.008142
4243.855782 0.984490
4244.055775 1.010715
4244.255768 1.049346
4244.455761 0.972265
4244.655755 0.991569
4244.855748 0.950346
4245.055741 0.992460
4245.255734 1.007569
4245.455727 0.964129
4245.655721 0.998465
4245.855714 1.002724
4246.055707 1.007055
4246.255700 1.025278
4246.455693 1.039948
4246.655687 1.023539
4246.855680 0.971865
4247.055673 0.987229
4247.255666 0.986482
4247.455659 1.004868
4247.655653 1.010138
4247.855646 1.006180
4248.055639 0.982412
4248.255632 0.987112
4248.455625 1.024483
4248.655619 1.021706
4248.855612 1.025305
4249.055605 0.958879
4249.255598 1.010105
4249.455591 0.982771
4249.655585 1.034906
4249.855578 1.051566
4250.055571 1.084551
4250.255564 1.005118
4250.455557 1.041669
4250.655551 0.962050
4250.855544 1.005343
4251.055537 0.990402
4251.255530 1.048309
4251.455523 1.002021
4251.655517 1.024888
4251.855510 1.032897
4252.055503 0.943307
4252.255496 1.029590
4252.455489 1.037750
4252.655483 1.072404
4252.855476 0.987177
4253.055469 0.968870
4253.255462 0.967802
4253.455455 1.005687
4253.655449 1.025720
4253.855442 1.046594
4254.055435 0.968188
4254.255428 0.970464
4254.455421 0.978065
4254.655415 1.052853
4254.855408 1.014266
4255.055401 0.991024
4255.255394 0.993931
4255.455388 0.943763
4255.655381 1.059075
4255.855374 1.000736
4256.055367 1.014945
4256.255360 1.039754
4256.455354 1.002001
4256.655347 1.036277
4256.855340 0.994298
4257.055333 1.025997
4257.255326 0.996441
4257.455320 0.987768
4257.655313 0.979281
4257.855306 1.024900
4258.055299 1.043402
4258.255292 1.008673
4258.455286 1.045892
4258.655279 1.027044
4258.855272 1.065348
4259.055265 0.994932
4259.255258 1.012670
4259.455252 0.982538
4259.655245 1.001182
4259.855238 0.976713
4260.055231 1.010720
4260.255224 1.025123
4260.455218 0.982944
4260.655211 1.034914
4260.855204 1.013097
4261.055197 1.069775
4261.255190 1.049829
4261.455184 1.103868
4261.655177 0.969337
4261.855170 1.070947
4262.055163 0.982176
4262.255156 1.001471
4262.455150 1.047465
4262.655143 1.016104
4262.855136 0.987128
4263.055129 1.006357
4263.255122 1.020033
4263.455116 1.038447
4263.655109 1.033428
4263.855102 1.008005
4264.055095 1.028050
4264.255088 1.023905
4264.455082 0.979182
4264.655075 1.019372
4264.855068 0.977802
4265.055061 0.995232
4265.255054 1.027434
4265.455048 0.933491
4265.655041 1.025594
4265.855034 0.974949
4266.055027 1.019759
4266.255021 0.934615
4266.455014 0.992517
4266.655007 1.035826
4266.855000 1.040437
4267.054993 1.014576
4267.254987 0.941334
4267.454980 1.035611
4267.654973 0.923786
4267.854966 0.986720
4268.054959 0.989559
4268.254953 0.930862
4268.454946 0.979247
4268.654939 0.995616
4268.854932 0.987931
4269.054925 1.033009
4269.254919 1.048358
4269.454912 0.957434
4269.654905 1.018712
4269.854898 1.143466
4270.054891 0.990424
4270.254885 1.029694
4270.454878 0.985975
4270.654871 0.996095
4270.854864 0.994392
4271.054857 0.997351
4271.254851 1.034055
4271.454844 1.065252
4271.654837 1.038492
4271.854830 1.042614
4272.054823 0.978121
4272.254817 1.009565
4272.454810 1.021101
4272.654803 1.010510
4272.854796 1.019638
4273.054789 1.021269
4273.254783 1.036671
4273.454776 0.984606
4273.654769 0.971438
4273.854762 0.939837
4274.054755 0.984481
4274.254749 0.946693
4274.454742 0.997079
4274.654735 0.980844
4274.854728 0.970178
4275.054721 0.949365
4275.254715 0.976349
4275.454708 1.032042
4275.654701 0.969967
4275.854694 0.978416
4276.054687 1.011852
4276.254681 0.976727
4276.454674 1.032317
4276.654667 0.983593
4276.854660 1.009986
4277.054654 0.945059
4277.254647 1.017552
4277.454640 1.020172
4277.654633 1.030320
4277.854626 1.006292
4278.054620 1.005571
4278.254613 1.024040
4278.454606 1.036479
4278.654599 1.000775
4278.854592 0.998273
4279.054586 1.004834
4279.254579 0.984236
4279.454572 0.976716
4279.654565 1.009110
4279.854558 0.995378
4280.054552 0.984810
4280.254545 1.016135
4280.454538 0.981476
4280.654531 0.994679
4280.854524 1.020511
4281.054518 0.970965
4281.254511 0.995790
4281.454504 1.000186
4281.654497 0.999300
4281.854490 1.059985
4282.054484 0.953574
4282.254477 1.027588
4282.454470 0.972826
4282.654463 0.900295
4282.854456 0.975916
4283.054450 1.022250
4283.254443 1.038724
4283.454436 1.057658
4283.654429 1.039308
4283.854422 0.983278
4284.054416 1.018541
4284.254409 1.045518
4284.454402 0.993684
4284.654395 1.044746
4284.854388 1.030655
4285.054382 0.982671
4285.254375 0.959699
4285.454368 1.023553
4285.654361 1.011289
4285.854354 0.985870
4286.054348 1.000628
4286.254341 1.070013
4286.454334 0.966893
4286.654327 0.993762
4286.854320 1.048488
4287.054314 1.014897
4287.254307 0.984282
4287.454300 0.965520
4287.654293 0.986236
4287.854286 0.952687
4288.054280 1.007753
4288.254273 1.011517
4288.454266 1.061370
4288.654259 1.016257
4288.854253 0.955360
4289.054246 0.955242
4289.254239 0.967696
4289.454232 0.990206
4289.654225 0.911327
4289.854219 1.059393
4290.054212 1.035953
4290.254205 1.006566
4290.454198 1.028267
4290.654191 0.994883
4290.854185 1.000017
4291.054178 1.052936
4291.254171 1.027905
4291.454164 0.989924
4291.654157 1.035392
4291.854151 0.996952
4292.054144 0.964789
4292.254137 0.959998
4292.454130 1.005146
4292.654123 0.986923
4292.854117 0.930001
4293.054110 1.019763
4293.254103 1.023021
4293.454096 1.017553
4293.654089 1.034565
4293.854083 1.086829
4294.054076 1.028982
4294.254069 1.010064
4294.454062 1.031644
4294.654055 0.967409
4294.854049 0.981202
4295.054042 1.008591
4295.254035 1.000016
4295.454028 0.990103
4295.654021 0.971653
4295.854015 0.963584
4296.054008 1.023927
4296.254001 1.032680
4296.453994 1.011996
4296.653987 0.948462
4296.853981 1.007402
4297.053974 1.028970
4297.253967 0.989959
4297.453960 1.011212
4297.653953 0.959608
4297.853947 1.022330
4298.053940 1.014160
4298.253933 0.943525
4298.453926 1.025731
4298.653919 1.000934
4298.853913 1.012406
4299.053906 1.031828
4299.253899 0.969286
4299.453892 1.014709
4299.653886 0.951880
4299.853879 0.974146
4300.053872 0.977474
4300.253865 0.996383
4300.453858 0.957524
4300.653852 1.008271
4300.853845 1.085941
4301.053838 0.985009
4301.253831 0.986081
4301.453824 0.982377
4301.653818 0.952405
4301.853811 0.976753
4302.053804 0.980480
4302.253797 0.994323
4302.453790 0.970411
4302.653784 1.016828
4302.853777 0.985037
4303.053770 1.005195
4303.253763 0.996328
4303.453756 1.031434
4303.653750 1.003456
4303.853743 0.990619
4304.053736 0.998044
4304.253729 0.972644
4304.453722 0.977813
4304.653716 0.994336
4304.853709 1.021748
4305.053702 0.981775
4305.253695 1.060053
4305.453688 1.007445
4305.653682 0.946650
4305.853675 0.984445
4306.053668 0.937014
4306.253661 0.980614
4306.453654 1.069353
4306.653648 0.989168
4306.853641 0.997300
4307.053634 0.926784
4307.253627 1.081290
4307.453620 1.009948
4307.653614 0.968656
4307.853607 1.021986
4308.053600 0.995116
4308.253593 1.043220
4308.453586 0.938572
4308.653580 0.958731
4308.853573 1.007499
4309.053566 0.976190
4309.253559 1.000306
4309.453552 0.938711
4309.653546 1.045876
4309.853539 1.033694
4310.053532 1.017793
4310.253525 0.977835
4310.453519 1.002084
4310.653512 1.005711
4310.853505 0.948478
4311.053498 0.974824
4311.253491 0.992731
4311.453485 1.030465
4311.653478 0.957358
4311.853471 1.002206
4312.053464 0.953061
4312.253457 0.980595
4312.453451 0.991206
4312.653444 1.003149
4312.853437 1.080121
4313.053430 1.039273
4313.253423 1.007243
4313.453417 1.001962
4313.653410 0.977925
4313.853403 0.943828
4314.053396 1.011243
4314.253389 1.027526
4314.453383 1.029724
4314.653376 1.044794
4314.853369 1.035662
4315.053362 0.988891
4315.253355 0.973968
4315.453349 0.971481
4315.653342 0.981828
4315.853335 1.030203
4316.053328 0.995006
4316.253321 1.038227
4316.453315 0.942285
4316.653308 0.954899
4316.853301 1.002399
4317.053294 0.988327
4317.253287 1.002777
4317.453281 1.037524
4317.653274 0.972595
4317.853267 0.968678
4318.053260 0.982003
4318.253253 0.945438
4318.453247 1.027006
4318.653240 0.982017
4318.853233 0.977148
4319.053226 1.009162
4319.253219 0.975807
4319.453213 1.027737
4319.653206 0.990031
4319.853199 0.982242
4320.053192 0.968289
4320.253185 0.990703
4320.453179 0.986392
4320.653172 1.102590
4320.853165 0.969571
4321.053158 1.008581
4321.253152 0.986766
4321.453145 0.973796
4321.653138 0.968082
4321.853131 0.968545
4322.053124 1.059904
4322.253118 0.972508
4322.453111 0.961466
4322.653104 1.006019
4322.853097 1.038647
4323.053090 1.007805
4323.253084 0.903104
4323.453077 0.995126
4323.653070 1.017473
4323.853063 0.992516
4324.053056 0.956933
4324.253050 0.929282
4324.453043 0.985546
4324.653036 1.010918
4324.853029 1.005124
4325.053022 0.967089
4325.253016 0.983184
4325.453009 0.963395
4325.653002 0.989107
4325.852995 1.025602
4326.052988 1.010001
4326.252982 1.003850
4326.452975 0.999413
4326.652968 0.965573
4326.852961 1.019462
4327.052954 1.006365
4327.252948 1.043984
4327.452941 1.003697
4327.652934 0.984617
4327.852927 0.959847
4328.052920 0.943526
4328.252914 0.971547
4328.452907 1.017671
4328.652900 0.932577
4328.852893 0.941925
4329.052886 0.981939
4329.252880 0.958477
4329.452873 0.964335
4329.652866 0.986892
4329.852859 0.908068
4330.052852 0.987337
4330.252846 0.993659
4330.452839 0.996884
4330.652832 0.972762
4330.852825 0.954639
4331.052818 1.014578
4331.252812 0.979290
4331.452805 0.932159
4331.652798 0.961279
4331.852791 0.942666
4332.052785 0.947602
4332.252778 0.858272
4332.452771 0.971232
4332.652764 0.961776
4332.852757 0.903248
4333.052751 0.973696
4333.252744 0.959949
4333.452737 1.001805
4333.652730 0.913171
4333.852723 0.933011
4334.052717 0.999862
4334.252710 0.879219
4334.452703 0.924834
4334.652696 0.905928
4334.852689 0.952838
4335.052683 0.928324
4335.252676 0.897586
4335.452669 0.932207
4335.652662 0.934822
4335.852655 0.953827
4336.052649 0.856582
4336.252642 0.920762
4336.452635 0.878275
4336.652628 0.867141
4336.852621 0.833467
4337.052615 0.836977
4337.252608 0.868764
4337.452601 0.867420
4337.652594 0.867958
4337.852587 0.894263
4338.052581 0.843259
4338.252574 0.876527
4338.452567 0.802979
4338.652560 0.853959
4338.852553 0.852029
4339.052547 0.867736
4339.252540 0.785572
4339.452533 0.790743
4339.652526 0.793337
4339.852519 0.752544
4340.052513 0.712691
4340.252506 0.781552
4340.452499 0.777828
4340.652492 0.751661
4340.852485 0.756055
4341.052479 0.784470
4341.252472 0.775281
4341.452465 0.814104
4341.652458 0.748479
4341.852451 0.810423
4342.052445 0.760085
4342.252438 0.739768
4342.452431 0.751314
4342.652424 0.803152
4342.852418 0.801466
4343.052411 0.838090
4343.252404 0.790696
4343.452397 0.786777
4343.652390 0.770887
4343.852384 0.770410
4344.052377 0.751830
4344.252370 0.750348
4344.452363 0.712209
4344.652356 0.705108
4344.852350 0.702089
4345.052343 0.679415
4345.252336 0.714103
4345.452329 0.746276
4345.652322 0.736547
4345.852316 0.725427
4346.052309 0.723029
4346.252302 0.732350
4346.452295 0.719475
4346.652288 0.741861
4346.852282 0.726874
4347.052275 0.787974
4347.252268 0.846247
4347.452261 0.707833
4347.652254 0.792038
4347.852248 0.795890
4348.052241 0.764425
4348.252234 0.803966
4348.452227 0.821137
4348.652220 0.806109
4348.852214 0.832986
4349.052207 0.815319
4349.252200 0.853784
4349.452193 0.862493
4349.652186 0.759744
4349.852180 0.830742
4350.052173 0.859741
4350.252166 0.917364
4350.452159 0.862410
4350.652152 0.868285
4350.852146 0.829316
4351.052139 0.891040
4351.252132 0.905190
4351.452125 0.830775
4351.652118 0.866811
4351.852112 0.861526
4352.052105 0.918993
4352.252098 0.889184
4352.452091 0.901007
4352.652084 0.897799
4352.852078 0.882467
4353.052071 0.915686
4353.252064 0.860636
4353.452057 0.888286
4353.652051 0.940231
4353.852044 0.929326
4354.052037 0.924725
4354.252030 0.968402
4354.452023 0.925041
4354.652017 0.936876
4354.852010 0.918444
4355.052003 0.927770
4355.251996 0.909899
4355.451989 0.955289
4355.651983 0.937217
4355.851976 0.944275
4356.051969 0.994909
4356.251962 0.964159
4356.451955 0.935947
4356.651949 0.956496
4356.851942 0.996389
4357.051935 1.012539
4357.251928 0.973706
4357.451921 0.959157
4357.651915 0.966698
4357.851908 0.959100
4358.051901 0.997888
4358.251894 0.999755
4358.451887 0.955208
4358.651881 0.973340
4358.851874 0.961954
4359.051867 0.985299
4359.251860 0.992236
4359.451853 0.999924
4359.651847 0.945225
4359.851840 0.981988
4360.051833 0.977719
4360.251826 0.936026
4360.451819 1.002102
4360.651813 0.915244
4360.851806 1.012672
4361.051799 1.028528
4361.251792 0.971317
4361.451785 1.090536
4361.651779 1.004207
4361.851772 0.967962
4362.051765 0.932022
4362.251758 1.010731
4362.451751 0.986965
4362.651745 0.955584
4362.851738 0.996978
4363.051731 0.968480
4363.251724 0.971169
4363.451717 0.959976
4363.651711 0.974821
4363.851704 0.952008
4364.051697 1.037102
4364.251690 0.964140
4364.451684 1.030634
4364.651677 0.987061
4364.851670 0.962851
4365.051663 0.991226
4365.251656 0.949922
4365.451650 0.964753
4365.651643 0.972127
4365.851636 1.032340
4366.051629 1.033439
4366.251622 1.005964
4366.451616 0.990696
4366.651609 0.983413
4366.851602 1.014273
4367.051595 1.002907
4367.251588 1.017169
4367.451582 1.035063
4367.651575 1.005610
4367.851568 0.990528
4368.051561 1.015443
4368.251554 0.992666
4368.451548 0.976602
4368.651541 0.898252
4368.851534 0.937010
4369.051527 0.992272
4369.251520 0.985604
4369.451514 0.974120
4369.651507 0.978704
4369.851500 0.998208
4370.051493 0.990869
4370.251486 1.017151
4370.451480 0.972561
4370.651473 0.993392
4370.851466 1.026751
4371.051459 1.051380
4371.251452 0.983937
4371.451446 1.042377
4371.651439 1.024522
4371.851432 1.067281
4372.051425 0.982342
4372.251418 0.990275
4372.451412 0.997832
4372.651405 1.034855
4372.851398 0.988238
4373.051391 0.950224
4373.251384 1.024628
4373.451378 0.995617
4373.651371 1.012286
4373.851364 0.961568
4374.051357 0.968110
4374.251350 0.984963
4374.451344 0.999856
4374.651337 1.022719
4374.851330 1.005300
4375.051323 0.987436
4375.251316 1.025592
4375.451310 1.035107
4375.651303 1.025139
4375.851296 0.992587
4376.051289 0.964874
4376.251283 0.967002
4376.451276 1.005951
4376.651269 1.044540
4376.851262 0.965330
4377.051255 1.026496
4377.251249 1.023519
4377.451242 0.970104
4377.651235 0.969230
4377.851228 1.010432
4378.051221 1.026134
4378.251215 0.974745
4378.451208 0.996373
4378.651201 0.960750
4378.851194 0.987891
4379.051187 0.992547
4379.251181 0.988445
4379.451174 0.960791
4379.651167 0.998993
4379.851160 0.950742
4380.051153 1.006647
4380.251147 0.980317
4380.451140 1.001292
4380.651133 1.003847
4380.851126 1.054683
4381.051119 1.013087
4381.251113 0.994371
4381.451106 0.955936
4381.651099 1.030849
4381.851092 1.013103
4382.051085 1.012252
4382.251079 1.015218
4382.451072 0.987713
4382.651065 0.946225
4382.851058 0.933176
4383.051051 0.980392
4383.251045 1.004045
4383.451038 1.000727
4383.651031 0.966544
4383.851024 1.005723
4384.051017 1.044936
4384.251011 1.049351
4384.451004 0.971084
4384.650997 0.931624
4384.850990 1.001179
4385.050983 1.032318
4385.250977 1.029441
4385.450970 1.030122
4385.650963 0.994839
4385.850956 0.960751
4386.050949 0.968799
4386.250943 1.021149
4386.450936 0.968046
4386.650929 1.010097
4386.850922 0.970916
4387.050916 0.962615
4387.250909 0.974602
4387.450902 0.950196
4387.650895 0.908747
4387.850888 0.948350
4388.050882 0.909245
4388.250875 0.926992
4388.450868 0.894276
4388.650861 0.933029
4388.850854 0.893500
4389.050848 0.910420
4389.250841 0.880031
4389.450834 0.850168
4389.650827 0.934734
4389.850820 0.960242
4390.050814 1.023618
4390.250807 0.898644
4390.450800 0.977911
4390.650793 0.932588
4390.850786 0.923340
4391.050780 0.946673
4391.250773 1.001872
4391.450766 0.961669
4391.650759 0.993831
4391.850752 0.996721
4392.050746 0.974548
4392.250739 0.951738
4392.450732 0.969443
4392.650725 0.993028
4392.850718 0.949863
4393.050712 0.937817
4393.250705 0.955606
4393.450698 0.920106
4393.650691 0.927192
4393.850684 0.915139
4394.050678 0.879895
4394.250671 0.928351
4394.450664 0.928693
4394.650657 1.003182
4394.850650 0.927857
4395.050644 0.942087
4395.250637 0.958440
4395.450630 0.988100
4395.650623 0.940084
4395.850616 0.993570
4396.050610 0.943445
4396.250603 1.038125
4396.450596 1.049100
4396.650589 1.004538
4396.850582 1.003408
4397.050576 0.959339
4397.250569 0.981970
4397.450562 0.919855
4397.650555 1.000724
4397.850549 0.971006
4398.050542 0.992405
4398.250535 0.971817
4398.450528 1.017482
4398.650521 0.957250
4398.850515 0.976630
4399.050508 0.986391
4399.250501 0.954575
4399.450494 1.016033
4399.650487 0.971705
4399.850481 0.954181
4400.050474 1.011861
4400.250467 1.036747
4400.450460 0.996085
4400.650453 1.006853
4400.850447 0.945806
4401.050440 1.001315
4401.250433 1.018162
4401.450426 1.027973
4401.650419 1.070588
4401.850413 1.036157
4402.050406 1.027372
4402.250399 0.980891
4402.450392 0.996525
4402.650385 1.015363
4402.850379 1.031051
4403.050372 0.973186
4403.250365 1.012404
4403.450358 0.994665
4403.650351 1.047892
4403.850345 1.053915
4404.050338 0.990233
4404.250331 0.995308
4404.450324 1.001937
4404.650317 0.977117
4404.850311 1.029020
4405.050304 1.022104
4405.250297 1.003306
4405.450290 1.013459
4405.650283 1.031139
4405.850277 1.024047
4406.050270 0.993494
4406.250263 0.987983
4406.450256 1.065771
4406.650249 0.964253
4406.850243 1.024916
4407.050236 1.056633
4407.250229 1.088455
4407.450222 1.015467
4407.650215 0.971890
4407.850209 1.026735
4408.050202 1.002238
4408.250195 1.070141
4408.450188 0.989829
4408.650182 1.070492
4408.850175 1.001955
4409.050168 1.038935
4409.250161 1.032163
4409.450154 1.048497
4409.650148 1.058745
4409.850141 0.977235
4410.050134 0.983886
4410.250127 0.991839
4410.450120 1.010564
4410.650114 1.010281
4410.850107 0.979537
4411.050100 1.019485
4411.250093 1.061084
4411.450086 0.998616
4411.650080 0.990477
4411.850073 1.023590
4412.050066 1.015921
4412.250059 0.984043
4412.450052 1.075007
4412.650046 0.959582
4412.850039 1.063228
4413.050032 0.987159
4413.250025 1.005760
4413.450018 0.977612
4413.650012 1.017584
4413.850005 0.985751
4414.049998 1.032481
4414.249991 1.034579
4414.449984 1.016614
4414.649978 1.030322
4414.849971 0.986336
4415.049964 1.013032
4415.249957 0.973414
4415.449950 1.017608
4415.649944 1.013047
4415.849937 0.983089
4416.049930 1.046603
4416.249923 1.062221
4416.449916 1.033065
4416.649910 0.984417
4416.849903 1.022123
4417.049896 0.943764
4417.249889 1.036616
4417.449882 0.977883
4417.649876 0.982447
4417.849869 1.007651
4418.049862 0.978483
4418.249855 1.001352
4418.449848 1.055001
4418.649842 0.995314
4418.849835 1.041817
4419.049828 0.968482
4419.249821 0.981649
4419.449815 0.955017
4419.649808 1.075701
4419.849801 1.012373
4420.049794 0.990076
4420.249787 1.028726
4420.449781 1.014231
4420.649774 0.987899
4420.849767 0.992700
4421.049760 0.997234
4421.249753 1.015773
4421.449747 1.012157
4421.649740 1.024691
4421.849733 1.044666
4422.049726 0.996104
4422.249719 0.998731
4422.449713 1.035467
4422.649706 1.007837
4422.849699 1.041804
4423.049692 1.002877
4423.249685 0.983862
4423.449679 1.029403
4423.649672 0.997244
4423.849665 1.049379
4424.049658 0.959928
4424.249651 1.075910
4424.449645 1.027406
4424.649638 0.932129
4424.849631 1.010311
4425.049624 1.022187
4425.249617 1.036200
4425.449611 0.940736
4425.649604 1.038246
4425.849597 1.000324
4426.049590 1.073860
4426.249583 1.085327
4426.449577 1.036344
4426.649570 0.934139
4426.849563 1.009407
4427.049556 1.045292
4427.249549 0.999951
4427.449543 1.010999
4427.649536 0.996804
4427.849529 0.988154
4428.049522 0.966617
4428.249515 0.992307
4428.449509 0.967334
4428.649502 1.011400
4428.849495 0.962806
4429.049488 0.975098
4429.249481 1.025884
4429.449475 1.033563
4429.649468 1.030810
4429.849461 0.992401
4430.049454 1.023421
4430.249448 1.107400
4430.449441 1.040108
4430.649434 1.019315
4430.849427 0.983907
4431.049420 1.000746
4431.249414 1.052632
4431.449407 1.033345
4431.649400 1.051268
4431.849393 1.094429
4432.049386 0.969155
4432.249380 1.029921
4432.449373 0.959393
4432.649366 0.921403
4432.849359 1.031602
4433.049352 0.902601
4433.249346 0.986773
4433.449339 0.999904
4433.649332 1.014201
4433.849325 0.973977
4434.049318 0.990471
4434.249312 1.003998
4434.449305 1.033464
4434.649298 1.022107
4434.849291 1.048707
4435.049284 0.944966
4435.249278 1.089260
4435.449271 1.032840
4435.649264 1.000063
4435.849257 1.034074
4436.049250 1.061269
4436.249244 0.971204
4436.449237 1.008355
4436.649230 1.058455
4436.849223 1.026788
4437.049216 1.007171
4437.249210 0.962040
4437.449203 1.029812
4437.649196 1.004648
4437.849189 1.039631
4438.049182 1.020776
4438.249176 0.994599
4438.449169 0.936071
4438.649162 0.963976
4438.849155 1.029967
4439.049148 1.015514
4439.249142 0.964591
4439.449135 1.023625
4439.649128 0.996600
4439.849121 1.035352
4440.049114 0.985429
4440.249108 1.014934
4440.449101 0.997020
4440.649094 0.994155
4440.849087 0.969574
4441.049081 0.986530
4441.249074 1.056752
4441.449067 1.013300
4441.649060 1.039617
4441.849053 0.984920
4442.049047 1.013226
4442.249040 1.068807
4442.449033 0.967871
4442.649026 0.993604
4442.849019 1.000592
4443.049013 1.009821
4443.249006 0.960763
4443.448999 0.935498
4443.648992 0.996291
4443.848985 0.958811
4444.048979 1.014258
4444.248972 0.995234
4444.448965 1.047679
4444.648958 1.028632
4444.848951 0.964707
4445.048945 1.056205
4445.248938 1.008880
4445.448931 0.976177
4445.648924 1.074524
4445.848917 1.079909
4446.048911 0.997492
4446.248904 0.983570
4446.448897 0.996963
4446.648890 1.077917
4446.848883 1.019312
4447.048877 0.999267
4447.248870 0.995354
4447.448863 0.982486
4447.648856 1.044583
4447.848849 1.067912
4448.048843 1.065987
4448.248836 1.075096
4448.448829 0.983353
4448.648822 0.942639
4448.848815 0.983805
4449.048809 0.998270
4449.248802 1.069656
4449.448795 1.006420
4449.648788 1.022458
4449.848781 1.038058
4450.048775 1.006549
4450.248768 1.007406
4450.448761 1.016483
4450.648754 0.983761
4450.848747 1.011336
4451.048741 1.048379
4451.248734 1.032675
4451.448727 1.028977
4451.648720 1.028924
4451.848714 0.980518
4452.048707 1.049327
4452.248700 1.017427
4452.448693 1.026839
4452.648686 1.056707
4452.848680 1.030960
4453.048673 0.999765
4453.248666 0.976826
4453.448659 0.967773
4453.648652 0.950161
4453.848646 0.990366
4454.048639 0.945228
4454.248632 0.981668
4454.448625 0.971793
4454.648618 1.008473
4454.848612 1.037521
4455.048605 1.036664
4455.248598 0.971844
4455.448591 1.016528
4455.648584 1.029686
4455.848578 1.070792
4456.048571 1.035506
4456.248564 1.000872
4456.448557 1.062221
4456.648550 1.000998
4456.848544 1.025773
4457.048537 1.048779
4457.248530 0.988447
4457.448523 0.993124
4457.648516 1.056505
4457.848510 1.032155
4458.048503 1.026138
4458.248496 0.987166
4458.448489 0.995247
4458.648482 0.962462
4458.848476 1.032441
4459.048469 1.073882
4459.248462 0.999910
4459.448455 1.062256
4459.648448 1.011475
4459.848442 0.954812
4460.048435 1.015241
4460.248428 1.042919
4460.448421 1.046904
4460.648414 0.978074
4460.848408 1.019524
4461.048401 1.073532
4461.248394 1.040148
4461.448387 1.017618
4461.648380 0.999230
4461.848374 0.928067
4462.048367 0.971918
4462.248360 1.028654
4462.448353 0.920462
4462.648346 0.944100
4462.848340 1.054353
4463.048333 0.987735
4463.248326 0.978878
4463.448319 1.080486
4463.648313 0.982678
4463.848306 0.995930
4464.048299 0.944124
4464.248292 1.049189
4464.448285 1.018931
4464.648279 1.014413
4464.848272 1.020614
4465.048265 1.066595
4465.248258 1.025208
4465.448251 1.025173
4465.648245 0.982587
4465.848238 1.060750
4466.048231 1.040674
4466.248224 1.022830
4466.448217 1.060723
4466.648211 1.033469
4466.848204 1.045977
4467.048197 1.053015
4467.248190 1.043440
4467.448183 1.018169
4467.648177 1.002418
4467.848170 1.010260
4468.048163 1.032334
4468.248156 0.996426
4468.448149 0.967785
4468.648143 0.957216
4468.848136 0.966609
4469.048129 0.952428
4469.248122 0.936708
4469.448115 0.955920
4469.648109 0.957382
4469.848102 0.965410
4470.048095 0.980112
4470.248088 0.974859
4470.448081 0.971255
4470.648075 0.965650
4470.848068 0.950038
4471.048061 0.890136
4471.248054 0.909130
4471.448047 0.909470
4471.648041 0.885405
4471.848034 0.991276
4472.048027 0.855290
4472.248020 0.895644
4472.448013 0.965916
4472.648007 0.880951
4472.848000 0.913540
4473.047993 0.954011
4473.247986 0.894904
4473.447979 0.979976
4473.647973 0.917075
4473.847966 0.885345
4474.047959 1.086791
4474.247952 1.012910
4474.447946 0.941897
4474.647939 0.960183
4474.847932 0.954650
4475.047925 0.938034
4475.247918 0.883695
4475.447912 0.919868
4475.647905 0.947309
4475.847898 0.923910
4476.047891 0.861891
4476.247884 0.883369
4476.447878 0.862993
4476.647871 0.886752
4476.847864 0.886486
4477.047857 0.857909
4477.247850 0.970748
4477.447844 0.914589
4477.647837 0.990623
4477.847830 0.880711
4478.047823 0.901622
4478.247816 0.971019
4478.447810 0.951809
4478.647803 0.932106
4478.847796 0.959934
4479.047789 0.991512
4479.247782 0.930333
4479.447776 0.905158
4479.647769 0.955445
4479.847762 0.931146
4480.047755 1.018098
4480.247748 0.955432
4480.447742 0.903078
4480.647735 0.966212
4480.847728 0.978510
4481.047721 1.015912
4481.247714 0.995355
4481.447708 0.950763
4481.647701 0.974971
4481.847694 1.026610
4482.047687 0.970587
4482.247680 0.894280
4482.447674 1.053956
4482.647667 1.002097
4482.847660 1.040180
4483.047653 0.972003
4483.247646 1.053492
4483.447640 0.993443
4483.647633 1.018873
4483.847626 1.012181
4484.047619 0.975814
4484.247612 1.013651
4484.447606 0.970028
4484.647599 1.037352
4484.847592 1.074407
4485.047585 0.990075
4485.247579 1.016578
4485.447572 1.001549
4485.647565 1.007436
4485.847558 0.996032
4486.047551 1.071342
4486.247545 1.019938
4486.447538 1.029184
4486.647531 0.988094
4486.847524 1.058780
4487.047517 1.078891
4487.247511 1.031880
4487.447504 0.990299
4487.647497 0.933366
4487.847490 1.013793
4488.047483 1.021386
4488.247477 0.986651
4488.447470 1.058215
4488.647463 0.985705
4488.847456 1.015098
4489.047449 1.057430
4489.247443 0.998648
4489.447436 0.996557
4489.647429 1.067972
4489.847422 1.023277
4490.047415 0.992387
4490.247409 1.096298
4490.447402 1.020691
4490.647395 1.018400
4490.847388 1.008586
4491.047381 0.971795
4491.247375 1.109658
4491.447368 0.995138
4491.647361 1.056975
4491.847354 0.985840
4492.047347 1.009421
4492.247341 0.976600
4492.447334 1.085497
4492.647327 1.000099
4492.847320 0.991512
4493.047313 1.039352
4493.247307 1.051483
4493.447300 1.053522
4493.647293 1.054824
4493.847286 0.981207
4494.047279 1.052387
4494.247273 1.021359
4494.447266 1.002667
4494.647259 1.092746
4494.847252 1.020750
4495.047245 0.993294
4495.247239 1.049399
4495.447232 1.012834
4495.647225 1.000467
4495.847218 1.040098
4496.047212 1.010519
4496.247205 0.965337
4496.447198 1.003884
4496.647191 1.052201
4496.847184 1.055548
4497.047178 1.010513
4497.247171 0.995480
4497.447164 1.039686
4497.647157 1.016822
4497.847150 1.027103
4498.047144 1.011800
4498.247137 0.980790
4498.447130 1.036074
4498.647123 1.015244
4498.847116 1.043429
4499.047110 0.951376
4499.247103 1.002689
4499.447096 0.982328
4499.647089 0.970841
4499.847082 1.024119
4500.047076 1.024800
4500.247069 1.030401
4500.447062 1.009050
4500.647055 0.997470
4500.847048 1.039771
4501.047042 0.969692
4501.247035 0.979215
4501.447028 0.977636
4501.647021 1.018894
4501.847014 0.997687
4502.047008 1.083163
4502.247001 1.017876
4502.446994 1.059363
4502.646987 1.038944
4502.846980 1.031238
4503.046974 1.021855
4503.246967 1.041802
4503.446960 0.949250
4503.646953 1.037110
4503.846946 1.025498
4504.046940 1.007962
4504.246933 0.922801
4504.446926 1.076388
4504.646919 1.151895
4504.846912 1.049496
4505.046906 0.996082
4505.246899 1.025755
4505.446892 1.067711
4505.646885 1.068534
4505.846878 1.013526
4506.046872 1.041644
4506.246865 0.951378
4506.446858 1.055971
4506.646851 0.990527
4506.846845 1.030911
4507.046838 0.984684
4507.246831 0.999478
4507.446824 0.979114
4507.646817 1.033514
4507.846811 1.077398
4508.046804 1.049320
4508.246797 0.999244
4508.446790 1.026656
4508.646783 1.086564
4508.846777 0.996753
4509.046770 1.024782
4509.246763 1.015293
4509.446756 1.011562
4509.646749 0.944068
4509.846743 0.972117
4510.046736 0.968614
4510.246729 1.040092
4510.446722 0.973276
4510.646715 0.978929
4510.846709 1.019602
4511.046702 1.073911
4511.246695 0.970842
4511.446688 1.025439
4511.646681 1.036386
4511.846675 1.071711
4512.046668 1.041103
4512.246661 1.025701
4512.446654 0.965443
4512.646647 1.068703
4512.846641 1.088136
4513.046634 1.034462
4513.246627 0.964271
4513.446620 1.003218
4513.646613 1.009058
4513.846607 1.025403
4514.046600 1.083392
4514.246593 0.963591
4514.446586 1.043023
4514.646579 1.051981
4514.846573 1.029344
4515.046566 0.998713
4515.246559 0.981256
4515.446552 1.025459
4515.646545 1.020033
4515.846539 1.014647
4516.046532 1.000143
4516.246525 1.030542
4516.446518 1.023302
4516.646511 0.998452
4516.846505 1.032184
4517.046498 0.998711
4517.246491 1.122053
4517.446484 1.031447
4517.646478 1.053258
4517.846471 1.004144
4518.046464 1.042013
4518.246457 0.940194
4518.446450 1.027157
4518.646444 0.975578
4518.846437 0.986229
4519.046430 1.004517
4519.246423 0.920260
4519.446416 1.011681
4519.646410 1.064174
4519.846403 1.025870
4520.046396 0.990410
4520.246389 1.040845
4520.446382 0.997654
4520.646376 0.983374
4520.846369 1.057413
4521.046362 1.054704
4521.246355 1.072231
4521.446348 1.092231
4521.646342 1.041302
4521.846335 1.028278
4522.046328 0.965411
4522.246321 1.004170
4522.446314 1.036498
4522.646308 1.006740
4522.846301 1.061533
4523.046294 1.013805
4523.246287 1.016058
4523.446280 1.027315
4523.646274 0.993596
4523.846267 0.982627
4524.046260 0.995338
4524.246253 0.956143
4524.446246 0.999276
4524.646240 0.958722
4524.846233 0.996364
4525.046226 1.003039
4525.246219 1.100441
4525.446212 1.000904
4525.646206 1.051954
4525.846199 0.998608
4526.046192 0.982860
4526.246185 0.937405
4526.446178 1.001009
4526.646172 0.988026
4526.846165 1.041560
4527.046158 1.028251
4527.246151 0.976035
4527.446144 1.011232
4527.646138 1.031758
4527.846131 1.035400
4528.046124 1.013961
4528.246117 0.978243
4528.446111 1.041168
4528.646104 1.061143
4528.846097 0.991814
4529.046090 1.024099
4529.246083 0.980768
4529.446077 1.001575
4529.646070 0.966164
4529.846063 1.034661
4530.046056 0.999304
4530.246049 1.062133
4530.446043 1.003040
4530.646036 1.067628
4530.846029 0.983276
4531.046022 0.987110
4531.246015 1.018664
4531.446009 0.978975
4531.646002 1.000576
4531.845995 0.958654
4532.045988 0.974349
4532.245981 0.957652
4532.445975 0.994654
4532.645968 0.981214
4532.845961 0.929457
4533.045954 0.975962
4533.245947 0.998775
4533.445941 1.043568
4533.645934 1.013409
4533.845927 1.053458
4534.045920 0.998429
4534.245913 0.959651
4534.445907 0.993235
4534.645900 1.044412
4534.845893 0.955381
4535.045886 0.968307
4535.245879 1.022175
4535.445873 0.951838
4535.645866 1.002506
4535.845859 0.983884
4536.045852 0.965944
4536.245845 0.998066
4536.445839 1.019491
4536.645832 0.990149
4536.845825 1.014131
4537.045818 0.968979
4537.245811 0.968443
4537.445805 0.988903
4537.645798 1.089476
4537.845791 0.966504
4538.045784 0.965230
4538.245777 0.994831
4538.445771 1.003752
4538.645764 1.058322
4538.845757 1.024318
4539.045750 1.028026
4539.245744 0.992443
4539.445737 1.078389
4539.645730 1.059779
4539.845723 1.026675
4540.045716 1.006058
4540.245710 1.036815
4540.445703 1.071655
4540.645696 0.998595
4540.845689 1.033407
4541.045682 1.053017
4541.245676 1.025963
4541.445669 0.994273
4541.645662 0.994410
4541.845655 1.002303
4542.045648 0.988657
4542.245642 0.983482
4542.445635 0.928270
4542.645628 0.942354
4542.845621 1.029289
4543.045614 1.009625
4543.245608 0.978167
4543.445601 0.963378
4543.645594 0.971699
4543.845587 1.055526
4544.045580 1.049695
4544.245574 1.007444
4544.445567 0.963900
4544.645560 1.000329
4544.845553 1.012651
4545.045546 0.949503
4545.245540 0.975308
4545.445533 1.029059
4545.645526 0.952484
4545.845519 1.001004
4546.045512 1.001651
4546.245506 1.000851
4546.445499 1.083462
4546.645492 1.052167
4546.845485 1.024416
4547.045478 0.940346
4547.245472 1.036735
4547.445465 1.051909
4547.645458 0.954737
4547.845451 1.086421
4548.045444 1.010999
4548.245438 1.047240
4548.445431 1.048376
4548.645424 1.139811
4548.845417 1.013124
4549.045410 0.953271
4549.245404 1.046049
4549.445397 1.034546
4549.645390 0.991473
4549.845383 0.967898
4550.045376 0.955108
4550.245370 1.046817
4550.445363 1.011650
4550.645356 1.008062
4550.845349 0.996071
4551.045343 0.973998
4551.245336 0.979507
4551.445329 0.982283
4551.645322 0.938382
4551.845315 1.000355
4552.045309 1.019743
4552.245302 1.085928
4552.445295 0.952800
4552.645288 0.993360
4552.845281 0.947413
4553.045275 1.039684
4553.245268 0.972870
4553.445261 0.944674
4553.645254 0.953601
4553.845247 0.960639
4554.045241 1.047748
4554.245234 0.970625
4554.445227 0.998081
4554.645220 0.934669
4554.845213 1.001202
4555.045207 1.048295
4555.245200 0.984515
4555.445193 0.950079
4555.645186 1.006077
4555.845179 0.985220
4556.045173 0.992557
4556.245166 1.069286
4556.445159 0.985442
4556.645152 0.919554
4556.845145 1.037552
4557.045139 1.003161
4557.245132 0.933414
4557.445125 0.901126
4557.645118 0.946100
4557.845111 1.085840
4558.045105 0.943031
4558.245098 0.912043
4558.445091 1.007983
4558.645084 0.877744
4558.845077 1.038753
4559.045071 1.088238
4559.245064 0.950812
4559.445057 0.973744
4559.645050 0.972811
4559.845043 0.906565
4560.045037 1.000581
4560.245030 1.016826
4560.445023 0.961986
4560.645016 1.133817
4560.845009 1.018060
4561.045003 0.993356
4561.244996 0.908504
4561.444989 1.005349
4561.644982 0.934596
4561.844976 0.985277
4562.044969 1.129310
4562.244962 0.952229
4562.444955 1.057199
4562.644948 1.006827
4562.844942 0.950423
4563.044935 1.061727
4563.244928 1.017826
4563.444921 0.999960
4563.644914 0.937791
4563.844908 0.841047
4564.044901 1.030780
4564.244894 1.012996
4564.444887 1.063592
4564.644880 1.015275
4564.844874 0.984887
4565.044867 0.973323
4565.244860 0.982067
4565.444853 1.053163
4565.644846 1.003951
4565.844840 1.032357
4566.044833 1.089505
4566.244826 0.972059
4566.444819 -0.298119
4566.644812 -0.293819
4566.844806 -0.300134
4567.044799 -0.299443
4567.244792 -0.275595
4567.444785 -0.298163
4567.644778 -0.318286
4567.844772 -0.276784
4568.044765 -0.243649
4568.244758 -0.245012
4568.444751 -0.221102
4568.644744 -0.230728
4568.844738 -0.000009
4569.044731 0.000002
4569.244724 -0.000001
4569.444717 0.000000
4569.644710 -0.000000
4569.844704 0.000000
4570.044697 -0.000000
4570.244690 0.000000
4570.444683 -0.000000
4570.644676 0.000000
4570.844670 -0.000000
