3959.856962 1.063675
3960.056954 1.088257
3960.256947 1.064916
3960.456940 1.010230
3960.656933 1.026144
3960.856925 1.052796
3961.056918 1.054232
3961.256911 1.037768
3961.456904 0.953906
3961.656897 0.935655
3961.856889 0.937335
3962.056882 0.954057
3962.256875 0.895235
3962.456868 0.964548
3962.656860 1.014474
3962.856853 1.008351
3963.056846 1.054155
3963.256839 0.948060
3963.456832 0.936828
3963.656824 0.920910
3963.856817 1.040161
3964.056810 1.055164
3964.256803 0.966389
3964.456795 0.930328
3964.656788 1.000839
3964.856781 0.949545
3965.056774 0.889744
3965.256767 0.950403
3965.456759 0.869370
3965.656752 0.898813
3965.856745 0.858587
3966.056738 0.944817
3966.256730 0.880275
3966.456723 0.939772
3966.656716 0.857430
3966.856709 0.879193
3967.056701 0.831503
3967.256694 0.951046
3967.456687 0.817411
3967.656680 0.877708
3967.856673 0.909624
3968.056665 0.853685
3968.256658 0.777493
3968.456651 0.779505
3968.656644 0.759488
3968.856636 0.763016
3969.056629 0.839128
3969.256622 0.772164
3969.456615 0.844905
3969.656608 0.768870
3969.856600 0.784759
3970.056593 0.604608
3970.256586 0.647838
3970.456579 0.693547
3970.656571 0.685361
3970.856564 0.696127
3971.056557 0.628859
3971.256550 0.738382
3971.456543 0.751233
3971.656535 0.752696
3971.856528 0.697533
3972.056521 0.687073
3972.256514 0.695091
3972.456506 0.786953
3972.656499 0.756374
3972.856492 0.792927
3973.056485 0.793850
3973.256478 0.690565
3973.456470 0.718082
3973.656463 0.778882
3973.856456 0.721326
3974.056449 0.732407
3974.256441 0.766259
3974.456434 0.704192
3974.656427 0.744338
3974.856420 0.734676
3975.056413 0.779961
3975.256405 0.718529
3975.456398 0.803473
3975.656391 0.737067
3975.856384 0.815569
3976.056376 0.748446
3976.256369 0.746474
3976.456362 0.781421
3976.656355 0.895361
3976.856348 0.812508
3977.056340 0.834983
3977.256333 0.775337
3977.456326 0.767738
3977.656319 0.878543
3977.856311 0.886154
3978.056304 0.787486
3978.256297 0.932168
3978.456290 0.923861
3978.656282 0.845918
3978.856275 0.838768
3979.056268 0.905641
3979.256261 0.886451
3979.456254 0.883839
3979.656246 0.941130
3979.856239 0.960186
3980.056232 0.899351
3980.256225 0.910559
3980.456217 0.941744
3980.656210 0.924017
3980.856203 0.939412
3981.056196 0.890758
3981.256189 0.993383
3981.456181 1.022412
3981.656174 0.976733
3981.856167 0.957794
3982.056160 0.881167
3982.256152 0.947012
3982.456145 0.946223
3982.656138 0.944386
3982.856131 0.884555
3983.056124 0.937225
3983.256116 1.021792
3983.456109 0.807317
3983.656102 1.001781
3983.856095 0.923690
3984.056087 1.031733
3984.256080 0.911688
3984.456073 0.984126
3984.656066 0.948393
3984.856059 0.956432
3985.056051 1.018408
3985.256044 1.007272
3985.456037 1.036990
3985.656030 1.013764
3985.856022 0.907965
3986.056015 1.013676
3986.256008 1.067557
3986.456001 0.980375
3986.655994 0.988966
3986.855986 1.015587
3987.055979 1.016086
3987.255972 1.074833
3987.455965 1.013757
3987.655957 1.042802
3987.855950 1.063673
3988.055943 1.020761
3988.255936 1.053156
3988.455929 1.080876
3988.655921 1.001431
3988.855914 1.101866
3989.055907 1.020560
3989.255900 1.080993
3989.455892 1.026406
3989.655885 1.019616
3989.855878 1.054305
3990.055871 1.058034
3990.255863 0.992847
3990.455856 0.998594
3990.655849 1.101235
3990.855842 1.020455
3991.055835 0.958300
3991.255827 0.978901
3991.455820 1.026186
3991.655813 0.962327
3991.855806 1.033150
3992.055798 1.008001
3992.255791 1.082254
3992.455784 1.039376
3992.655777 1.118177
3992.855770 1.020390
3993.055762 1.155674
3993.255755 1.031178
3993.455748 1.039804
3993.655741 1.034625
3993.855733 1.052505
3994.055726 1.011900
3994.255719 0.993779
3994.455712 1.035582
3994.655705 0.891255
3994.855697 1.006802
3995.055690 1.000236
3995.255683 1.099695
3995.455676 1.110136
3995.655668 1.040723
3995.855661 1.032981
3996.055654 1.024734
3996.255647 1.040187
3996.455640 1.023511
3996.655632 0.952859
3996.855625 1.059816
3997.055618 0.973653
3997.255611 1.064975
3997.455603 1.013698
3997.655596 1.042238
3997.855589 1.045338
3998.055582 1.001690
3998.255575 1.133130
3998.455567 1.026670
3998.655560 1.034295
3998.855553 1.015463
3999.055546 1.000758
3999.255538 1.011321
3999.455531 1.118465
3999.655524 0.986840
3999.855517 1.054223
4000.055510 1.000447
4000.255502 1.016769
4000.455495 1.076055
4000.655488 1.009713
4000.855481 1.073168
4001.055473 1.110280
4001.255466 0.966276
4001.455459 1.095863
4001.655452 1.087946
4001.855444 1.080526
4002.055437 1.013143
4002.255430 1.036604
4002.455423 0.974318
4002.655416 1.052895
4002.855408 0.993523
4003.055401 1.020589
4003.255394 0.998814
4003.455387 1.118106
4003.655379 0.982573
4003.855372 1.090918
4004.055365 0.993751
4004.255358 1.024066
4004.455351 1.014879
4004.655343 1.018800
4004.855336 1.020287
4005.055329 0.988632
4005.255322 0.968059
4005.455314 0.962853
4005.655307 1.037444
4005.855300 1.024672
4006.055293 0.971564
4006.255286 1.103220
4006.455278 1.073280
4006.655271 1.023577
4006.855264 1.083884
4007.055257 1.030197
4007.255249 1.063928
4007.455242 1.036204
4007.655235 1.014506
4007.855228 1.056694
4008.055221 1.035488
4008.255213 1.086767
4008.455206 1.052500
4008.655199 1.098225
4008.855192 1.029099
4009.055184 0.957390
4009.255177 0.994528
4009.455170 0.947256
4009.655163 0.989926
4009.855156 0.973747
4010.055148 0.930722
4010.255141 0.947314
4010.455134 0.977307
4010.655127 0.997075
4010.855119 1.033432
4011.055112 1.004035
4011.255105 0.919575
4011.455098 0.996199
4011.655091 0.961340
4011.855083 1.041742
4012.055076 1.003335
4012.255069 0.970855
4012.455062 0.957976
4012.655054 0.930700
4012.855047 0.949865
4013.055040 1.008048
4013.255033 0.997158
4013.455025 0.967705
4013.655018 0.999841
4013.855011 0.981036
4014.055004 0.951250
4014.254997 0.922611
4014.454989 0.980059
4014.654982 0.983407
4014.854975 0.889526
4015.054968 0.973207
4015.254960 1.009405
4015.454953 1.030627
4015.654946 0.970523
4015.854939 0.966380
4016.054932 0.943822
4016.254924 0.935604
4016.454917 0.916643
4016.654910 1.061605
4016.854903 1.056213
4017.054895 1.065185
4017.254888 1.032505
4017.454881 1.118142
4017.654874 1.026190
4017.854867 1.043889
4018.054859 0.986067
4018.254852 1.102677
4018.454845 0.994661
4018.654838 1.043975
4018.854830 1.021769
4019.054823 0.974559
4019.254816 1.035951
4019.454809 0.990245
4019.654802 1.032889
4019.854794 0.949446
4020.054787 0.989130
4020.254780 1.037403
4020.454773 1.059982
4020.654765 0.984954
4020.854758 1.059413
4021.054751 1.003467
4021.254744 1.089171
4021.454737 1.079685
4021.654729 0.975603
4021.854722 1.045290
4022.054715 1.025462
4022.254708 1.081978
4022.454700 0.998496
4022.654693 1.049731
4022.854686 1.052631
4023.054679 0.989756
4023.254672 0.999366
4023.454664 1.003724
4023.654657 0.982258
4023.854650 0.949900
4024.054643 1.136754
4024.254635 1.035260
4024.454628 1.039483
4024.654621 0.959299
4024.854614 1.003559
4025.054606 1.000947
4025.254599 0.954540
4025.454592 0.973452
4025.654585 0.945106
4025.854578 0.998118
4026.054570 0.990277
4026.254563 0.906409
4026.454556 0.910466
4026.654549 0.827310
4026.854541 0.902357
4027.054534 0.881884
4027.254527 0.907372
4027.454520 0.932120
4027.654513 0.861694
4027.854505 0.879478
4028.054498 0.831359
4028.254491 0.950288
4028.454484 0.875816
4028.654476 0.899745
4028.854469 0.901100
4029.054462 0.859998
4029.254455 0.983335
4029.454448 0.929871
4029.654440 0.985771
4029.854433 0.939172
4030.054426 1.003233
4030.254419 0.902364
4030.454411 0.900010
4030.654404 0.775954
4030.854397 0.948384
4031.054390 0.983000
4031.254383 0.861745
4031.454375 0.841275
4031.654368 0.889349
4031.854361 0.939146
4032.054354 0.837186
4032.254346 0.855793
4032.454339 0.892548
4032.654332 0.958246
4032.854325 0.989327
4033.054318 0.985202
4033.254310 0.926912
4033.454303 0.936451
4033.654296 0.927712
4033.854289 0.926548
4034.054281 0.915524
4034.254274 1.028224
4034.454267 0.876053
4034.654260 0.982738
4034.854253 0.989755
4035.054245 1.053828
4035.254238 1.011678
4035.454231 0.997140
4035.654224 1.065718
4035.854216 1.024646
4036.054209 1.024306
4036.254202 0.972035
4036.454195 1.017411
4036.654187 1.006456
4036.854180 0.973719
4037.054173 1.018441
4037.254166 0.944239
4037.454159 1.005082
4037.654151 0.993868
4037.854144 0.945160
4038.054137 0.975817
4038.254130 1.044974
4038.454122 1.006427
4038.654115 1.011693
4038.854108 0.993626
4039.054101 1.027143
4039.254094 0.923278
4039.454086 1.048331
4039.654079 1.018169
4039.854072 0.996932
4040.054065 0.978762
4040.254057 1.022916
4040.454050 1.049134
4040.654043 1.079519
4040.854036 0.944475
4041.054029 1.082545
4041.254021 1.033659
4041.454014 1.016285
4041.654007 1.038931
4041.854000 1.003978
4042.053992 0.941289
4042.253985 1.021619
4042.453978 0.994603
4042.653971 0.983150
4042.853964 1.003516
4043.053956 1.077213
4043.253949 0.990269
4043.453942 1.050168
4043.653935 1.051545
4043.853927 1.062346
4044.053920 1.016800
4044.253913 1.063458
4044.453906 0.985983
4044.653899 1.052294
4044.853891 1.034145
4045.053884 0.988964
4045.253877 1.023162
4045.453870 0.988336
4045.653862 0.945677
4045.853855 1.068086
4046.053848 0.994891
4046.253841 1.051010
4046.453833 1.054647
4046.653826 1.034053
4046.853819 1.092269
4047.053812 1.036088
4047.253805 1.047619
4047.453797 0.965768
4047.653790 0.962167
4047.853783 0.987693
4048.053776 1.038231
4048.253768 1.084705
4048.453761 1.009962
4048.653754 1.020437
4048.853747 1.012278
4049.053740 0.984316
4049.253732 1.001966
4049.453725 1.035818
4049.653718 1.050681
4049.853711 1.038651
4050.053703 1.043548
4050.253696 1.040179
4050.453689 1.013542
4050.653682 0.992653
4050.853675 0.971603
4051.053667 0.979231
4051.253660 1.017111
4051.453653 0.999154
4051.653646 1.063848
4051.853638 1.055977
4052.053631 1.062857
4052.253624 1.034674
4052.453617 1.052973
4052.653610 1.036615
4052.853602 1.086779
4053.053595 1.059623
4053.253588 1.062980
4053.453581 1.001044
4053.653573 0.990313
4053.853566 0.993185
4054.053559 1.031683
4054.253552 0.994339
4054.453545 1.075691
4054.653537 1.013118
4054.853530 1.054093
4055.053523 1.048680
4055.253516 1.039418
4055.453508 1.066831
4055.653501 1.058046
4055.853494 1.046701
4056.053487 1.045629
4056.253480 0.973924
4056.453472 0.977180
4056.653465 1.017944
4056.853458 0.989271
4057.053451 0.949884
4057.253443 1.014643
4057.453436 0.998992
4057.653429 1.049244
4057.853422 1.015545
4058.053414 1.079772
4058.253407 1.003763
4058.453400 0.998184
4058.653393 1.073443
4058.853386 1.068811
4059.053378 1.003478
4059.253371 1.008274
4059.453364 1.023761
4059.653357 0.938453
4059.853349 1.005397
4060.053342 1.010247
4060.253335 1.011054
4060.453328 1.040632
4060.653321 1.059185
4060.853313 0.941281
4061.053306 1.000033
4061.253299 1.041172
4061.453292 1.056292
4061.653284 1.034595
4061.853277 1.047842
4062.053270 0.920852
4062.253263 1.041683
4062.453256 1.057856
4062.653248 1.045221
4062.853241 1.019471
4063.053234 0.951866
4063.253227 1.013466
4063.453219 1.087088
4063.653212 1.017252
4063.853205 0.974500
4064.053198 1.010480
4064.253191 0.999446
4064.453183 1.040874
4064.653176 1.014142
4064.853169 0.995872
4065.053162 1.011759
4065.253154 0.974153
4065.453147 1.023767
4065.653140 1.077615
4065.853133 0.934066
4066.053126 0.999735
4066.253118 1.026706
4066.453111 0.972123
4066.653104 0.979278
4066.853097 1.030028
4067.053089 0.979217
4067.253082 1.007720
4067.453075 0.980231
4067.653068 1.064992
4067.853061 0.933504
4068.053053 0.996040
4068.253046 1.064030
4068.453039 1.112243
4068.653032 1.085864
4068.853024 1.058495
4069.053017 1.008936
4069.253010 0.967038
4069.453003 1.001612
4069.652995 1.072265
4069.852988 0.986006
4070.052981 1.062087
4070.252974 0.971263
4070.452967 0.924589
4070.652959 0.959035
4070.852952 0.918219
4071.052945 0.922796
4071.252938 0.938642
4071.452930 1.003889
4071.652923 1.020513
4071.852916 1.033402
4072.052909 1.024578
4072.252902 0.998422
4072.452894 0.991445
4072.652887 1.011279
4072.852880 1.040573
4073.052873 1.029241
4073.252865 0.980836
4073.452858 0.952436
4073.652851 1.021860
4073.852844 1.011740
4074.052837 1.012399
4074.252829 0.992093
4074.452822 0.988328
4074.652815 1.018921
4074.852808 1.008972
4075.052800 0.948573
4075.252793 0.977482
4075.452786 0.995348
4075.652779 0.995740
4075.852772 1.004002
4076.052764 1.008084
4076.252757 0.994230
4076.452750 0.940201
4076.652743 1.057367
4076.852735 0.943716
4077.052728 0.966566
4077.252721 1.011581
4077.452714 0.954046
4077.652707 0.973494
4077.852699 0.987037
4078.052692 0.949862
4078.252685 1.047162
4078.452678 0.963451
4078.652670 0.968243
4078.852663 1.040974
4079.052656 1.003923
4079.252649 0.995560
4079.452642 0.953626
4079.652634 1.009290
4079.852627 0.953839
4080.052620 0.961936
4080.252613 1.015064
4080.452605 1.023711
4080.652598 1.047583
4080.852591 1.026929
4081.052584 1.029759
4081.252576 1.051397
4081.452569 1.054332
4081.652562 0.899119
4081.852555 1.014871
4082.052548 0.904474
4082.252540 1.007949
4082.452533 0.991645
4082.652526 0.975113
4082.852519 1.053332
4083.052511 1.005354
4083.252504 1.012254
4083.452497 1.019854
4083.652490 1.015182
4083.852483 1.045321
4084.052475 0.959170
4084.252468 0.963789
4084.452461 0.987219
4084.652454 1.021240
4084.852446 0.978440
4085.052439 1.014335
4085.252432 1.045444
4085.452425 1.003222
4085.652418 1.004380
4085.852410 0.991237
4086.052403 0.927500
4086.252396 0.973777
4086.452389 1.056907
4086.652381 0.966367
4086.852374 0.968525
4087.052367 0.984862
4087.252360 0.935466
4087.452353 1.068790
4087.652345 0.977791
4087.852338 0.933026
4088.052331 0.985580
4088.252324 1.021352
4088.452316 0.974924
4088.652309 0.980678
4088.852302 0.904750
4089.052295 1.057025
4089.252288 1.002917
4089.452280 0.902843
4089.652273 0.922977
4089.852266 0.936115
4090.052259 1.015427
4090.252251 0.998814
4090.452244 0.903883
4090.652237 1.006160
4090.852230 1.053336
4091.052223 1.028997
4091.252215 0.970703
4091.452208 0.982819
4091.652201 1.018063
4091.852194 0.998943
4092.052186 0.966236
4092.252179 0.982757
4092.452172 0.928589
4092.652165 0.959102
4092.852157 0.963903
4093.052150 0.915099
4093.252143 0.967347
4093.452136 0.937847
4093.652129 0.952912
4093.852121 0.952935
4094.052114 0.961836
4094.252107 0.944669
4094.452100 0.968405
4094.652092 0.953289
4094.852085 0.905648
4095.052078 0.939998
4095.252071 1.055400
4095.452064 0.940033
4095.652056 0.908459
4095.852049 0.902453
4096.052042 0.841801
4096.252035 0.896677
4096.452027 0.891538
4096.652020 0.911714
4096.852013 0.937978
4097.052006 0.900748
4097.251999 0.888081
4097.451991 0.888399
4097.651984 0.912839
4097.851977 0.871226
4098.051970 0.946155
4098.251962 0.882842
4098.451955 0.837002
4098.651948 0.857054
4098.851941 0.856869
4099.051934 0.848916
4099.251926 0.844774
4099.451919 0.823135
4099.651912 0.797715
4099.851905 0.864602
4100.051897 0.897375
4100.251890 0.853304
4100.451883 0.825811
4100.651876 0.817238
4100.851869 0.797289
4101.051861 0.765789
4101.251854 0.751228
4101.451847 0.724341
4101.651840 0.723086
4101.851832 0.791158
4102.051825 0.712657
4102.251818 0.753098
4102.451811 0.750316
4102.651804 0.704678
4102.851796 0.708793
4103.051789 0.715103
4103.251782 0.745049
4103.451775 0.759250
4103.651767 0.689247
4103.851760 0.767727
4104.051753 0.808680
4104.251746 0.790159
4104.451738 0.728337
4104.651731 0.678983
4104.851724 0.724527
4105.051717 0.772752
4105.251710 0.663171
4105.451702 0.703556
4105.651695 0.739840
4105.851688 0.762829
4106.051681 0.699922
4106.251673 0.753508
4106.451666 0.748419
4106.651659 0.663715
4106.851652 0.726419
4107.051645 0.718527
4107.251637 0.742414
4107.451630 0.730109
4107.651623 0.695629
4107.851616 0.717816
4108.051608 0.791855
4108.251601 0.776337
4108.451594 0.802742
4108.651587 0.767915
4108.851580 0.762738
4109.051572 0.750330
4109.251565 0.752029
4109.451558 0.838499
4109.651551 0.803968
4109.851543 0.827070
4110.051536 0.840840
4110.251529 0.824965
4110.451522 0.830952
4110.651515 0.810301
4110.851507 0.897108
4111.051500 0.779367
4111.251493 0.871266
4111.451486 0.878657
4111.651478 0.888622
4111.851471 0.864160
4112.051464 0.888968
4112.251457 0.880370
4112.451450 0.939726
4112.651442 0.920966
4112.851435 0.899376
4113.051428 0.895298
4113.251421 0.894945
4113.451413 0.879920
4113.651406 0.913281
4113.851399 0.973140
4114.051392 0.919849
4114.251385 0.901406
4114.451377 0.938072
4114.651370 0.912448
4114.851363 0.916492
4115.051356 0.932952
4115.251348 0.915256
4115.451341 1.006340
4115.651334 0.933568
4115.851327 0.952000
4116.051319 0.999002
4116.251312 0.934954
4116.451305 0.960996
4116.651298 1.008845
4116.851291 0.969275
4117.051283 0.927698
4117.251276 0.900232
4117.451269 0.996456
4117.651262 1.030391
4117.851254 0.972233
4118.051247 1.008290
4118.251240 0.968922
4118.451233 0.957147
4118.651226 0.993430
4118.851218 0.947483
4119.051211 0.901754
4119.251204 0.883148
4119.451197 0.982744
4119.651189 0.932597
4119.851182 0.942126
4120.051175 0.962899
4120.251168 0.951888
4120.451161 0.952869
4120.651153 0.913209
4120.851146 0.948795
4121.051139 0.973623
4121.251132 0.937477
4121.451124 0.919305
4121.651117 0.988426
4121.851110 0.962733
4122.051103 0.893365
4122.251096 0.920418
4122.451088 0.922631
4122.651081 1.030179
4122.851074 0.968194
4123.051067 1.010756
4123.251059 0.948760
4123.451052 0.950885
4123.651045 0.947982
4123.851038 0.975152
4124.051031 0.924184
4124.251023 0.967837
4124.451016 0.940552
4124.651009 1.023888
4124.851002 1.033261
4125.050994 0.988749
4125.250987 1.063874
4125.450980 1.003711
4125.650973 0.994248
4125.850966 0.934783
4126.050958 0.950384
4126.250951 0.912755
4126.450944 0.902872
4126.650937 0.959530
4126.850929 0.988183
4127.050922 0.935393
4127.250915 0.953410
4127.450908 0.955407
4127.650900 1.004135
4127.850893 0.980067
4128.050886 0.960182
4128.250879 0.992627
4128.450872 0.969993
4128.650864 0.965946
4128.850857 0.985781
4129.050850 0.997982
4129.250843 1.023408
4129.450835 0.964180
4129.650828 1.018465
4129.850821 1.039133
4130.050814 0.943899
4130.250807 1.068664
4130.450799 1.040407
4130.650792 1.049204
4130.850785 1.005683
4131.050778 0.988310
4131.250770 1.025934
4131.450763 0.949395
4131.650756 0.973649
4131.850749 0.983079
4132.050742 0.990617
4132.250734 0.949629
4132.450727 0.923009
4132.650720 0.957857
4132.850713 0.972679
4133.050705 0.983901
4133.250698 1.008274
4133.450691 0.996759
4133.650684 1.036996
4133.850677 0.984470
4134.050669 1.013492
4134.250662 0.944427
4134.450655 1.029610
4134.650648 1.042777
4134.850640 1.017439
4135.050633 1.009441
4135.250626 1.022771
4135.450619 1.032537
4135.650612 1.022240
4135.850604 1.059516
4136.050597 1.037502
4136.250590 0.992587
4136.450583 1.031302
4136.650575 1.017130
4136.850568 1.021046
4137.050561 0.923466
4137.250554 1.024605
4137.450547 0.990168
4137.650539 1.013011
4137.850532 0.915147
4138.050525 0.982427
4138.250518 0.984110
4138.450510 1.011995
4138.650503 0.976972
4138.850496 1.014113
4139.050489 1.018791
4139.250481 0.939163
4139.450474 1.025575
4139.650467 0.995081
4139.850460 1.012675
4140.050453 0.937680
4140.250445 1.001661
4140.450438 1.054992
4140.650431 1.022025
4140.850424 0.965349
4141.050416 0.986430
4141.250409 0.995834
4141.450402 1.016102
4141.650395 0.948994
4141.850388 1.032052
4142.050380 1.030882
4142.250373 0.973682
4142.450366 0.943026
4142.650359 0.947063
4142.850351 0.965453
4143.050344 1.012265
4143.250337 0.931434
4143.450330 0.926585
4143.650323 1.006589
4143.850315 0.955709
4144.050308 0.937439
4144.250301 1.002771
4144.450294 0.938878
4144.650286 0.924007
4144.850279 0.971145
4145.050272 1.008277
4145.250265 0.927335
4145.450258 0.922650
4145.650250 1.007425
4145.850243 0.993959
4146.050236 1.014520
4146.250229 0.987267
4146.450221 0.977133
4146.650214 0.995875
4146.850207 0.981229
4147.050200 1.037282
4147.250193 1.016732
4147.450185 0.945320
4147.650178 0.895159
4147.850171 0.979189
4148.050164 0.940577
4148.250156 0.977760
4148.450149 0.962468
4148.650142 0.926139
4148.850135 0.885935
4149.050128 0.936981
4149.250120 0.930115
4149.450113 0.863869
4149.650106 0.966015
4149.850099 0.925718
4150.050091 0.960989
4150.250084 0.958911
4150.450077 0.992671
4150.650070 0.939208
4150.850062 0.954649
4151.050055 0.955582
4151.250048 0.935824
4151.450041 0.967833
4151.650034 0.982827
4151.850026 0.916181
4152.050019 1.040006
4152.250012 0.968476
4152.450005 1.029255
4152.649997 1.073282
4152.849990 0.963526
4153.049983 0.938266
4153.249976 1.021224
4153.449969 1.044394
4153.649961 1.012241
4153.849954 0.980379
4154.049947 0.998999
4154.249940 0.996148
4154.449932 0.999357
4154.649925 0.990504
4154.849918 1.020994
4155.049911 1.013195
4155.249904 1.031431
4155.449896 1.004160
4155.649889 0.970818
4155.849882 0.997256
4156.049875 0.997499
4156.249867 0.985748
4156.449860 0.955925
4156.649853 1.043517
4156.849846 1.012316
4157.049839 1.039596
4157.249831 0.978522
4157.449824 1.062597
4157.649817 0.996285
4157.849810 0.982724
4158.049802 0.959312
4158.249795 1.019115
4158.449788 1.010774
4158.649781 0.990539
4158.849774 1.002819
4159.049766 0.978846
4159.249759 1.011563
4159.449752 1.013157
4159.649745 1.018893
4159.849737 1.008378
4160.049730 1.018667
4160.249723 1.008651
4160.449716 0.968734
4160.649709 1.000863
4160.849701 1.006154
4161.049694 1.067629
4161.249687 1.029045
4161.449680 1.047143
4161.649672 1.019915
4161.849665 0.970283
4162.049658 1.009709
4162.249651 1.053879
4162.449643 1.007764
4162.649636 1.009486
4162.849629 1.070632
4163.049622 0.983686
4163.249615 0.985206
4163.449607 1.048757
4163.649600 1.079978
4163.849593 1.018140
4164.049586 0.993068
4164.249578 0.980157
4164.449571 1.006255
4164.649564 1.011578
4164.849557 1.020822
4165.049550 1.048226
4165.249542 1.018841
4165.449535 1.050439
4165.649528 0.957245
4165.849521 0.960918
4166.049513 1.031443
4166.249506 0.966521
4166.449499 0.990160
4166.649492 1.027405
4166.849485 1.014146
4167.049477 0.987519
4167.249470 1.057474
4167.449463 0.975757
4167.649456 0.957102
4167.849448 1.043291
4168.049441 1.062124
4168.249434 0.993089
4168.449427 0.989144
4168.649420 0.982707
4168.849412 1.033880
4169.049405 0.960818
4169.249398 1.026083
4169.449391 1.028639
4169.649383 0.963916
4169.849376 1.025684
4170.049369 0.990067
4170.249362 0.985160
4170.449355 0.986624
4170.649347 0.982034
4170.849340 1.011334
4171.049333 1.020612
4171.249326 1.002298
4171.449318 1.026338
4171.649311 1.017851
4171.849304 0.994826
4172.049297 1.038073
4172.249290 1.029681
4172.449282 0.919862
4172.649275 1.001763
4172.849268 1.000096
4173.049261 1.071607
4173.249253 1.039537
4173.449246 1.009500
4173.649239 1.016717
4173.849232 1.013151
4174.049224 1.003412
4174.249217 0.952675
4174.449210 0.933610
4174.649203 1.024877
4174.849196 0.999116
4175.049188 0.967519
4175.249181 1.009151
4175.449174 1.029616
4175.649167 0.978777
4175.849159 0.981067
4176.049152 1.025316
4176.249145 1.008885
4176.449138 0.964810
4176.649131 0.972579
4176.849123 0.992646
4177.049116 1.075915
4177.249109 0.978068
4177.449102 1.009199
4177.649094 0.971503
4177.849087 1.039646
4178.049080 1.001117
4178.249073 0.995298
4178.449066 1.037015
4178.649058 0.978729
4178.849051 1.013485
4179.049044 1.063149
4179.249037 0.969376
4179.449029 0.994039
4179.649022 0.999536
4179.849015 0.970857
4180.049008 0.973912
4180.249001 1.046808
4180.448993 0.988408
4180.648986 0.996897
4180.848979 1.049959
4181.048972 0.975659
4181.248964 0.966369
4181.448957 1.021004
4181.648950 1.026085
4181.848943 0.963707
4182.048936 1.062298
4182.248928 1.045786
4182.448921 1.001319
4182.648914 1.064035
4182.848907 1.024792
4183.048899 1.031283
4183.248892 0.993756
4183.448885 0.935297
4183.648878 0.984679
4183.848870 1.016797
4184.048863 1.058571
4184.248856 1.022975
4184.448849 1.034485
4184.648842 1.052750
4184.848834 0.962961
4185.048827 1.027274
4185.248820 0.990252
4185.448813 1.000268
4185.648805 0.997032
4185.848798 0.995046
4186.048791 0.956848
4186.248784 0.961640
4186.448777 0.968516
4186.648769 1.049629
4186.848762 1.025945
4187.048755 1.018281
4187.248748 1.053576
4187.448740 0.949737
4187.648733 1.074847
4187.848726 1.036390
4188.048719 0.961356
4188.248712 1.037899
4188.448704 0.987184
4188.648697 1.103103
4188.848690 1.014242
4189.048683 0.994703
4189.248675 0.947208
4189.448668 1.065474
4189.648661 1.019119
4189.848654 0.986395
4190.048647 1.029843
4190.248639 1.035599
4190.448632 0.989481
4190.648625 1.022945
4190.848618 1.021316
4191.048610 0.982116
4191.248603 1.040701
4191.448596 1.009597
4191.648589 1.015271
4191.848582 1.008190
4192.048574 0.974154
4192.248567 1.026522
4192.448560 0.993606
4192.648553 1.183647
4192.848545 0.978218
4193.048538 1.050218
4193.248531 1.041053
4193.448524 1.045264
4193.648517 0.980533
4193.848509 1.018773
4194.048502 1.066176
4194.248495 1.037996
4194.448488 1.019386
4194.648480 1.017119
4194.848473 1.012596
4195.048466 0.993977
4195.248459 0.979925
4195.448451 0.961740
4195.648444 1.026991
4195.848437 1.014689
4196.048430 1.050013
4196.248423 1.014405
4196.448415 1.020521
4196.648408 1.029784
4196.848401 1.039155
4197.048394 1.041385
4197.248386 1.070237
4197.448379 1.044243
4197.648372 1.038484
4197.848365 1.030972
4198.048358 1.054412
4198.248350 1.049999
4198.448343 1.002421
4198.648336 1.008271
4198.848329 0.958100
4199.048321 1.027209
4199.248314 0.988101
4199.448307 0.990604
4199.648300 1.017580
4199.848293 0.984881
4200.048285 0.993257
4200.248278 1.004471
4200.448271 1.034113
4200.648264 0.995076
4200.848256 0.976890
4201.048249 1.028013
4201.248242 0.993138
4201.448235 0.992789
4201.648228 1.012649
4201.848220 1.049495
4202.048213 1.066413
4202.248206 1.050113
4202.448199 0.985229
4202.648191 1.007881
4202.848184 1.054951
4203.048177 1.039170
4203.248170 1.063418
4203.448163 0.994412
4203.648155 1.009946
4203.848148 1.008385
4204.048141 0.981911
4204.248134 1.071301
4204.448126 1.016913
4204.648119 1.009255
4204.848112 1.049703
4205.048105 1.001710
4205.248098 1.016435
4205.448090 0.980267
4205.648083 1.067060
4205.848076 0.987028
4206.048069 1.047144
4206.248061 1.010059
4206.448054 1.035272
4206.648047 1.042902
4206.848040 1.017863
4207.048032 1.027909
4207.248025 1.020936
4207.448018 1.012627
4207.648011 1.044605
4207.848004 1.007099
4208.047996 0.988404
4208.247989 1.076130
4208.447982 1.025074
4208.647975 1.037607
4208.847967 1.032362
4209.047960 0.985023
4209.247953 1.004799
4209.447946 1.085939
4209.647939 0.992431
4209.847931 1.027122
4210.047924 1.014785
4210.247917 1.049161
4210.447910 1.035723
4210.647902 1.027102
4210.847895 1.050177
4211.047888 1.021753
4211.247881 1.003347
4211.447874 1.029472
4211.647866 0.980284
4211.847859 1.001794
4212.047852 0.967726
4212.247845 1.034206
4212.447837 1.030002
4212.647830 0.987304
4212.847823 1.019491
4213.047816 1.013856
4213.247809 0.997655
4213.447801 1.026034
4213.647794 1.032807
4213.847787 1.031142
4214.047780 1.013102
4214.247772 0.949831
4214.447765 1.024841
4214.647758 1.022203
4214.847751 0.946361
4215.047744 1.030361
4215.247736 1.012524
4215.447729 1.001925
4215.647722 0.997830
4215.847715 1.039408
4216.047707 0.993405
4216.247700 1.026729
4216.447693 1.065247
4216.647686 1.071805
4216.847679 1.019334
4217.047671 1.061344
4217.247664 1.034048
4217.447657 1.062157
4217.647650 1.020647
4217.847642 0.993306
4218.047635 1.059942
4218.247628 1.071727
4218.447621 1.001619
4218.647613 1.005408
4218.847606 0.995476
4219.047599 1.047153
4219.247592 1.013891
4219.447585 1.005785
4219.647577 1.015915
4219.847570 1.104555
4220.047563 1.017192
4220.247556 0.999957
4220.447548 1.007830
4220.647541 1.013080
4220.847534 1.031440
4221.047527 1.024480
4221.247520 1.053249
4221.447512 1.007435
4221.647505 0.996857
4221.847498 0.984637
4222.047491 0.983696
4222.247483 1.043935
4222.447476 0.976520
4222.647469 1.008417
4222.847462 0.995596
4223.047455 1.048722
4223.247447 1.003933
4223.447440 1.018063
4223.647433 1.010289
4223.847426 1.054366
4224.047418 1.002232
4224.247411 1.023368
4224.447404 0.980240
4224.647397 0.983843
4224.847390 1.022315
4225.047382 1.004485
4225.247375 1.045304
4225.447368 1.014285
4225.647361 1.017553
4225.847353 0.970117
4226.047346 1.019642
4226.247339 1.048100
4226.447332 1.079392
4226.647325 0.974254
4226.847317 0.980506
4227.047310 0.985298
4227.247303 0.994553
4227.447296 0.994508
4227.647288 1.026207
4227.847281 1.022656
4228.047274 1.022260
4228.247267 1.057425
4228.447260 1.039519
4228.647252 1.027322
4228.847245 1.016913
4229.047238 1.016654
4229.247231 1.058218
4229.447223 1.049647
4229.647216 0.999579
4229.847209 0.992299
4230.047202 1.017042
4230.247194 1.003747
4230.447187 1.040612
4230.647180 1.016080
4230.847173 1.005034
4231.047166 1.009204
4231.247158 0.966658
4231.447151 0.967423
4231.647144 0.990035
4231.847137 1.043700
4232.047129 0.990251
4232.247122 1.003093
4232.447115 0.980016
4232.647108 1.011783
4232.847101 1.008750
4233.047093 1.044384
4233.247086 1.019463
4233.447079 1.047061
4233.647072 1.068590
4233.847064 1.009347
4234.047057 1.029253
4234.247050 1.052817
4234.447043 1.022876
4234.647036 1.030253
4234.847028 1.009586
4235.047021 0.997304
4235.247014 1.023078
4235.447007 0.963810
4235.646999 0.956076
4235.846992 0.980037
4236.046985 0.996159
4236.246978 0.983611
4236.446971 0.992148
4236.646963 1.025739
4236.846956 0.961293
4237.046949 1.039970
4237.246942 0.987575
4237.446934 1.067127
4237.646927 1.023194
4237.846920 0.985893
4238.046913 0.983648
4238.246906 0.964370
4238.446898 1.011503
4238.646891 1.083563
4238.846884 1.002165
4239.046877 1.043919
4239.246869 0.989907
4239.446862 1.045022
4239.646855 1.015986
4239.846848 0.985225
4240.046841 0.945749
4240.246833 1.004727
4240.446826 1.058204
4240.646819 0.983024
4240.846812 1.026745
4241.046804 0.996191
4241.246797 1.029889
4241.446790 0.984242
4241.646783 1.008048
4241.846775 0.985096
4242.046768 0.991069
4242.246761 1.016580
4242.446754 1.044429
4242.646747 0.961798
4242.846739 1.034644
4243.046732 1.005309
4243.246725 0.945364
4243.446718 1.035279
4243.646710 0.995984
4243.846703 1.048744
4244.046696 1.009894
4244.246689 0.967781
4244.446682 1.037908
4244.646674 0.990543
4244.846667 1.037937
4245.046660 1.033609
4245.246653 1.028112
4245.446645 0.948827
4245.646638 1.002362
4245.846631 0.987090
4246.046624 0.986908
4246.246617 0.999411
4246.446609 1.023389
4246.646602 0.987272
4246.846595 0.987172
4247.046588 0.981536
4247.246580 1.004375
4247.446573 1.004273
4247.646566 0.971667
4247.846559 0.994779
4248.046552 1.030510
4248.246544 0.989646
4248.446537 1.021153
4248.646530 1.026461
4248.846523 1.024490
4249.046515 1.026553
4249.246508 0.976247
4249.446501 0.967992
4249.646494 1.015652
4249.846487 1.004411
4250.046479 1.016744
4250.246472 1.032176
4250.446465 0.976886
4250.646458 1.011002
4250.846450 1.090486
4251.046443 1.030108
4251.246436 0.960980
4251.446429 0.987442
4251.646422 1.037068
4251.846414 1.038134
4252.046407 1.043535
4252.246400 1.014356
4252.446393 1.025517
4252.646385 0.978411
4252.846378 0.975757
4253.046371 1.045870
4253.246364 1.028357
4253.446356 1.029564
4253.646349 0.980143
4253.846342 1.005479
4254.046335 1.045290
4254.246328 0.974573
4254.446320 1.004619
4254.646313 1.033205
4254.846306 1.043327
4255.046299 0.993485
4255.246291 1.006714
4255.446284 0.974758
4255.646277 1.005779
4255.846270 1.002067
4256.046263 1.001926
4256.246255 0.994742
4256.446248 1.002775
4256.646241 1.034210
4256.846234 0.979189
4257.046226 1.018800
4257.246219 0.996310
4257.446212 1.009172
4257.646205 1.006931
4257.846198 0.978749
4258.046190 0.975927
4258.246183 1.010700
4258.446176 0.973690
4258.646169 1.000211
4258.846161 0.951125
4259.046154 0.996663
4259.246147 0.970006
4259.446140 1.008172
4259.646133 1.003435
4259.846125 1.041460
4260.046118 1.009658
4260.246111 1.019377
4260.446104 1.033574
4260.646096 0.975856
4260.846089 1.002033
4261.046082 0.975509
4261.246075 1.032236
4261.446068 0.967367
4261.646060 0.961160
4261.846053 0.994777
4262.046046 1.061310
4262.246039 1.016305
4262.446031 1.080466
4262.646024 1.035322
4262.846017 1.032111
4263.046010 1.020218
4263.246003 0.985335
4263.445995 1.046534
4263.645988 0.974304
4263.845981 0.982713
4264.045974 0.983622
4264.245966 1.037641
4264.445959 1.018722
4264.645952 1.021695
4264.845945 1.010309
4265.045937 1.037942
4265.245930 1.025120
4265.445923 1.065379
4265.645916 1.053498
4265.845909 1.040284
4266.045901 1.045119
4266.245894 1.071139
4266.445887 1.037401
4266.645880 1.006173
4266.845872 1.011248
4267.045865 0.975803
4267.245858 1.002777
4267.445851 0.984174
4267.645844 0.973107
4267.845836 1.016959
4268.045829 0.988726
4268.245822 1.017257
4268.445815 1.011960
4268.645807 0.989976
4268.845800 1.064987
4269.045793 0.990693
4269.245786 1.021629
4269.445779 1.003762
4269.645771 0.964559
4269.845764 0.994463
4270.045757 1.013751
4270.245750 1.012770
4270.445742 0.999685
4270.645735 1.026760
4270.845728 0.996227
4271.045721 0.985307
4271.245714 0.986084
4271.445706 1.009953
4271.645699 1.048128
4271.845692 1.042882
4272.045685 0.993233
4272.245677 1.051567
4272.445670 1.032850
4272.645663 1.058796
4272.845656 0.972513
4273.045649 1.010115
4273.245641 1.066413
4273.445634 1.029937
4273.645627 0.990507
4273.845620 1.024853
4274.045612 1.030230
4274.245605 0.991789
4274.445598 0.994446
4274.645591 1.002982
4274.845584 1.032603
4275.045576 1.057035
4275.245569 1.036964
4275.445562 1.015315
4275.645555 0.943398
4275.845547 1.068314
4276.045540 0.992877
4276.245533 0.957497
4276.445526 0.977559
4276.645518 0.969917
4276.845511 1.011008
4277.045504 0.995842
4277.245497 0.974207
4277.445490 1.018493
4277.645482 0.992670
4277.845475 0.984066
4278.045468 1.045082
4278.245461 1.001138
4278.445453 1.027457
4278.645446 1.013287
4278.845439 1.017286
4279.045432 1.018049
4279.245425 0.973667
4279.445417 0.987042
4279.645410 1.001207
4279.845403 0.986079
4280.045396 0.999857
4280.245388 0.993047
4280.445381 1.002007
4280.645374 0.969286
4280.845367 0.986961
4281.045360 1.040097
4281.245352 0.998366
4281.445345 0.976839
4281.645338 0.986453
4281.845331 1.004556
4282.045323 1.018050
4282.245316 0.978591
4282.445309 1.036074
4282.645302 1.024429
4282.845295 0.990967
4283.045287 1.013315
4283.245280 0.992863
4283.445273 0.959811
4283.645266 1.015887
4283.845258 0.996725
4284.045251 1.027818
4284.245244 0.968795
4284.445237 0.979773
4284.645230 0.989369
4284.845222 1.019477
4285.045215 0.984372
4285.245208 0.994391
4285.445201 0.933455
4285.645193 1.036203
4285.845186 1.038877
4286.045179 1.029834
4286.245172 1.038560
4286.445165 1.031437
4286.645157 0.984164
4286.845150 1.002009
4287.045143 0.970302
4287.245136 0.950742
4287.445128 0.983086
4287.645121 0.986751
4287.845114 0.999736
4288.045107 1.008287
4288.245099 0.997731
4288.445092 1.034637
4288.645085 0.974700
4288.845078 0.960758
4289.045071 1.003410
4289.245063 1.054100
4289.445056 1.014624
4289.645049 1.020687
4289.845042 0.968133
4290.045034 1.000032
4290.245027 1.004243
4290.445020 0.968584
4290.645013 0.996195
4290.845006 1.015642
4291.044998 0.934520
4291.244991 1.000931
4291.444984 0.980812
4291.644977 0.993309
4291.844969 0.989725
4292.044962 0.985838
4292.244955 1.000296
4292.444948 0.997730
4292.644941 1.000816
4292.844933 1.018892
4293.044926 0.984450
4293.244919 1.009862
4293.444912 1.001184
4293.644904 0.986294
4293.844897 0.980447
4294.044890 0.981493
4294.244883 0.972098
4294.444876 0.987249
4294.644868 0.935989
4294.844861 1.091068
4295.044854 0.996097
4295.244847 1.019497
4295.444839 0.997665
4295.644832 0.990350
4295.844825 0.950774
4296.044818 1.004828
4296.244811 1.024103
4296.444803 1.009729
4296.644796 0.975616
4296.844789 0.980629
4297.044782 1.011486
4297.244774 0.973208
4297.444767 0.996703
4297.644760 0.977562
4297.844753 0.969209
4298.044746 0.993762
4298.244738 1.008838
4298.444731 0.988657
4298.644724 0.985020
4298.844717 1.028378
4299.044709 0.997098
4299.244702 0.983022
4299.444695 1.010167
4299.644688 1.033297
4299.844680 0.980140
4300.044673 0.968393
4300.244666 0.969287
4300.444659 1.014057
4300.644652 0.989058
4300.844644 0.988841
4301.044637 0.980337
4301.244630 1.020259
4301.444623 0.971812
4301.644615 0.985399
4301.844608 1.024195
4302.044601 0.996901
4302.244594 0.995686
4302.444587 1.005787
4302.644579 0.994009
4302.844572 1.055759
4303.044565 0.980454
4303.244558 1.018661
4303.444550 1.018038
4303.644543 1.025669
4303.844536 0.959808
4304.044529 1.031635
4304.244522 1.019993
4304.444514 0.921577
4304.644507 0.948067
4304.844500 1.039088
4305.044493 1.002340
4305.244485 1.003852
4305.444478 1.032595
4305.644471 0.974396
4305.844464 0.998068
4306.044457 0.956497
4306.244449 1.000700
4306.444442 0.938774
4306.644435 1.012386
4306.844428 0.993040
4307.044420 0.977569
4307.244413 0.977839
4307.444406 0.994305
4307.644399 0.939164
4307.844392 0.994958
4308.044384 0.962012
4308.244377 0.959960
4308.444370 1.012578
4308.644363 1.029404
4308.844355 1.041888
4309.044348 1.035078
4309.244341 0.965053
4309.444334 1.020352
4309.644327 1.015068
4309.844319 1.043694
4310.044312 1.009875
4310.244305 1.002181
4310.444298 1.016146
4310.644290 1.025971
4310.844283 1.027132
4311.044276 0.974942
4311.244269 1.040694
4311.444261 1.051718
4311.644254 0.929308
4311.844247 0.963495
4312.044240 0.945580
4312.244233 1.015796
4312.444225 0.971802
4312.644218 0.999447
4312.844211 1.045369
4313.044204 1.012424
4313.244196 1.023118
4313.444189 1.006917
4313.644182 0.973897
4313.844175 0.965684
4314.044168 1.074947
4314.244160 0.984476
4314.444153 1.036674
4314.644146 1.018597
4314.844139 1.004921
4315.044131 0.988807
4315.244124 1.040113
4315.444117 1.024645
4315.644110 1.001987
4315.844103 0.995710
4316.044095 1.020609
4316.244088 0.979862
4316.444081 1.011653
4316.644074 0.979289
4316.844066 0.974293
4317.044059 0.950274
4317.244052 0.966760
4317.444045 0.963055
4317.644038 0.989211
4317.844030 0.989036
4318.044023 1.007065
4318.244016 1.015376
4318.444009 1.006793
4318.644001 1.011528
4318.843994 0.949490
4319.043987 0.957101
4319.243980 0.957001
4319.443973 1.007619
4319.643965 1.020667
4319.843958 0.962289
4320.043951 1.002597
4320.243944 0.981565
4320.443936 0.957888
4320.643929 0.968730
4320.843922 0.975869
4321.043915 0.999591
4321.243907 1.074194
4321.443900 0.976040
4321.643893 0.986398
4321.843886 0.999669
4322.043879 1.034081
4322.243871 0.990477
4322.443864 1.012824
4322.643857 0.961272
4322.843850 1.028207
4323.043842 0.974751
4323.243835 1.028040
4323.443828 0.966723
4323.643821 0.978633
4323.843814 0.935291
4324.043806 1.009020
4324.243799 1.016788
4324.443792 0.957086
4324.643785 1.011287
4324.843777 1.010627
4325.043770 0.975497
4325.243763 0.984588
4325.443756 0.993846
4325.643749 0.900592
4325.843741 1.024562
4326.043734 0.965153
4326.243727 0.926023
4326.443720 0.976275
4326.643712 0.962887
4326.843705 0.997278
4327.043698 0.994814
4327.243691 0.987262
4327.443684 0.983574
4327.643676 1.019450
4327.843669 0.977425
4328.043662 0.939262
4328.243655 0.988536
4328.443647 0.972088
4328.643640 0.948772
4328.843633 0.994105
4329.043626 0.949517
4329.243619 0.976171
4329.443611 0.927083
4329.643604 0.931368
4329.843597 0.881185
4330.043590 1.031168
4330.243582 0.986929
4330.443575 0.998000
4330.643568 0.910196
4330.843561 0.932540
4331.043554 0.973435
4331.243546 0.989283
4331.443539 0.947390
4331.643532 1.031897
4331.843525 0.929486
4332.043517 1.009678
4332.243510 0.997878
4332.443503 0.959429
4332.643496 0.937912
4332.843488 0.985202
4333.043481 0.970021
4333.243474 0.905003
4333.443467 0.944236
4333.643460 0.933454
4333.843452 0.974628
4334.043445 0.931319
4334.243438 0.913274
4334.443431 0.945048
4334.643423 0.972088
4334.843416 0.901888
4335.043409 0.915259
4335.243402 0.895165
4335.443395 0.946222
4335.643387 0.878802
4335.843380 0.890917
4336.043373 0.908946
4336.243366 0.907619
4336.443358 0.889157
4336.643351 0.837832
4336.843344 0.871067
4337.043337 0.869441
4337.243330 0.841065
4337.443322 0.843172
4337.643315 0.871844
4337.843308 0.920425
4338.043301 0.877090
4338.243293 0.855501
4338.443286 0.771233
4338.643279 0.870442
4338.843272 0.860016
4339.043265 0.794359
4339.243257 0.826023
4339.443250 0.817521
4339.643243 0.791598
4339.843236 0.784701
4340.043228 0.780320
4340.243221 0.797382
4340.443214 0.759294
4340.643207 0.742202
4340.843200 0.765039
4341.043192 0.749219
4341.243185 0.754056
4341.443178 0.722677
4341.643171 0.730734
4341.843163 0.778118
4342.043156 0.684620
4342.243149 0.719911
4342.443142 0.763228
4342.643135 0.787025
4342.843127 0.811264
4343.043120 0.825590
4343.243113 0.797391
4343.443106 0.758348
4343.643098 0.759654
4343.843091 0.719317
4344.043084 0.732381
4344.243077 0.727772
4344.443069 0.743004
4344.643062 0.742760
4344.843055 0.729934
4345.043048 0.652736
4345.243041 0.743134
4345.443033 0.704997
4345.643026 0.693244
4345.843019 0.739744
4346.043012 0.706588
4346.243004 0.798073
4346.442997 0.738313
4346.642990 0.740999
4346.842983 0.750104
4347.042976 0.724973
4347.242968 0.720529
4347.442961 0.739434
4347.642954 0.731402
4347.842947 0.763946
4348.042939 0.800991
4348.242932 0.791276
4348.442925 0.788408
4348.642918 0.814902
4348.842911 0.829566
4349.042903 0.784728
4349.242896 0.797385
4349.442889 0.819299
4349.642882 0.867596
4349.842874 0.869729
4350.042867 0.862229
4350.242860 0.878324
4350.442853 0.828381
4350.642846 0.858341
4350.842838 0.869954
4351.042831 0.880237
4351.242824 0.875848
4351.442817 0.880541
4351.642809 0.898916
4351.842802 0.882873
4352.042795 0.938564
4352.242788 0.843357
4352.442781 0.898017
4352.642773 0.891004
4352.842766 0.872691
4353.042759 0.915208
4353.242752 0.958400
4353.442744 0.877747
4353.642737 0.937721
4353.842730 0.913206
4354.042723 0.975200
4354.242716 0.919117
4354.442708 0.910422
4354.642701 0.925404
4354.842694 0.946151
4355.042687 0.913763
4355.242679 0.935253
4355.442672 0.951370
4355.642665 1.001535
4355.842658 0.980795
4356.042650 0.916143
4356.242643 0.958697
4356.442636 0.939173
4356.642629 0.979867
4356.842622 0.993642
4357.042614 0.922603
4357.242607 0.947949
4357.442600 0.940397
4357.642593 1.009778
4357.842585 0.998704
4358.042578 0.970795
4358.242571 1.027681
4358.442564 0.957316
4358.642557 1.001956
4358.842549 0.971275
4359.042542 0.966267
4359.242535 1.005851
4359.442528 1.004945
4359.642520 0.950230
4359.842513 0.977023
4360.042506 0.994485
4360.242499 0.962486
4360.442492 0.974411
4360.642484 1.006060
4360.842477 1.014666
4361.042470 0.973966
4361.242463 0.980969
4361.442455 1.006761
4361.642448 0.963565
4361.842441 1.015026
4362.042434 0.983372
4362.242427 1.008394
4362.442419 1.011075
4362.642412 0.977639
4362.842405 0.943651
4363.042398 0.961769
4363.242390 0.993002
4363.442383 0.967502
4363.642376 0.995159
4363.842369 0.964588
4364.042362 1.029476
4364.242354 1.000203
4364.442347 1.039448
4364.642340 1.003490
4364.842333 0.962490
4365.042325 0.990973
4365.242318 0.974299
4365.442311 1.025220
4365.642304 1.025824
4365.842297 0.999743
4366.042289 1.017591
4366.242282 1.002147
4366.442275 0.993896
4366.642268 0.974195
4366.842260 1.015749
4367.042253 0.969207
4367.242246 0.966518
4367.442239 0.981439
4367.642231 0.962489
4367.842224 0.986142
4368.042217 0.991770
4368.242210 0.995006
4368.442203 0.964565
4368.642195 1.053922
4368.842188 1.020472
4369.042181 0.978765
4369.242174 0.996832
4369.442166 1.050882
4369.642159 1.028072
4369.842152 1.011843
4370.042145 0.997527
4370.242138 1.014359
4370.442130 0.952389
4370.642123 1.047488
4370.842116 0.966542
4371.042109 1.048006
4371.242101 0.978335
4371.442094 0.962433
4371.642087 1.043631
4371.842080 0.992554
4372.042073 1.033466
4372.242065 1.013626
4372.442058 0.955484
4372.642051 1.012633
4372.842044 1.006057
4373.042036 1.019222
4373.242029 0.967324
4373.442022 0.995744
4373.642015 0.956140
4373.842008 0.999239
4374.042000 0.990449
4374.241993 1.001599
4374.441986 0.991353
4374.641979 1.022651
4374.841971 0.992281
4375.041964 0.926705
4375.241957 0.978195
4375.441950 1.008433
4375.641943 1.025057
4375.841935 1.014169
4376.041928 1.041297
4376.241921 0.985954
4376.441914 0.986012
4376.641906 1.017588
4376.841899 1.026564
4377.041892 1.018798
4377.241885 0.997283
4377.441878 0.981191
4377.641870 1.013152
4377.841863 0.957138
4378.041856 0.982958
4378.241849 0.926015
4378.441841 0.963844
4378.641834 0.975911
4378.841827 0.972235
4379.041820 1.016402
4379.241812 1.035845
4379.441805 1.007022
4379.641798 0.954603
4379.841791 1.045105
4380.041784 1.047158
4380.241776 1.034335
4380.441769 1.033616
4380.641762 0.984040
4380.841755 1.011152
4381.041747 1.002876
4381.241740 1.003534
4381.441733 1.022510
4381.641726 0.967651
4381.841719 1.035482
4382.041711 0.999535
4382.241704 1.015228
4382.441697 1.027996
4382.641690 1.003367
4382.841682 1.012337
4383.041675 0.962822
4383.241668 0.878934
4383.441661 0.985093
4383.641654 0.995749
4383.841646 0.966597
4384.041639 0.973832
4384.241632 0.967503
4384.441625 1.001630
4384.641617 0.975604
4384.841610 0.941919
4385.041603 1.054054
4385.241596 1.012988
4385.441589 0.959722
4385.641581 1.027295
4385.841574 0.974816
4386.041567 0.981445
4386.241560 1.033559
4386.441552 0.938544
4386.641545 0.974666
4386.841538 0.970911
4387.041531 1.029732
4387.241524 0.976241
4387.441516 0.947959
4387.641509 0.941417
4387.841502 0.928501
4388.041495 0.912186
4388.241487 0.925997
4388.441480 0.922972
4388.641473 0.962858
4388.841466 0.938670
4389.041459 0.908419
4389.241451 0.923311
4389.441444 0.946784
4389.641437 0.938385
4389.841430 0.948203
4390.041422 0.921793
4390.241415 0.996009
4390.441408 0.957729
4390.641401 0.976114
4390.841393 0.967620
4391.041386 0.979296
4391.241379 0.955517
4391.441372 0.979681
4391.641365 0.959843
4391.841357 0.951371
4392.041350 0.941968
4392.241343 0.964640
4392.441336 0.912866
4392.641328 0.976242
4392.841321 0.944592
4393.041314 0.953526
4393.241307 0.904607
4393.441300 0.897610
4393.641292 0.912919
4393.841285 0.931272
4394.041278 0.909394
4394.241271 0.917328
4394.441263 0.930485
4394.641256 0.903433
4394.841249 0.905356
4395.041242 0.902622
4395.241235 0.894326
4395.441227 0.959682
4395.641220 0.972551
4395.841213 0.921648
4396.041206 0.968093
4396.241198 0.970729
4396.441191 0.993282
4396.641184 0.976174
4396.841177 1.024856
4397.041170 0.981837
4397.241162 0.979596
4397.441155 0.972254
4397.641148 0.944320
4397.841141 0.954104
4398.041133 1.013397
4398.241126 1.025179
4398.441119 0.996911
4398.641112 1.036631
4398.841105 1.005874
4399.041097 1.034529
4399.241090 0.992489
4399.441083 1.004333
4399.641076 0.986036
4399.841068 0.990929
4400.041061 0.986887
4400.241054 0.987507
4400.441047 0.975821
4400.641040 0.992537
4400.841032 0.965536
4401.041025 0.939058
4401.241018 0.995338
4401.441011 1.012304
4401.641003 1.036396
4401.840996 1.044432
4402.040989 1.029997
4402.240982 1.036644
4402.440974 1.013439
4402.640967 1.025624
4402.840960 1.006944
4403.040953 0.999315
4403.240946 1.002836
4403.440938 1.038673
4403.640931 1.055533
4403.840924 1.053370
4404.040917 0.991718
4404.240909 1.020574
4404.440902 0.961853
4404.640895 0.992702
4404.840888 0.975864
4405.040881 0.988983
4405.240873 1.025901
4405.440866 1.019489
4405.640859 0.919531
4405.840852 1.000184
4406.040844 1.005632
4406.240837 0.959712
4406.440830 0.959520
4406.640823 0.988193
4406.840816 1.051350
4407.040808 1.010173
4407.240801 0.987618
4407.440794 0.979644
4407.640787 1.028934
4407.840779 1.027882
4408.040772 0.993070
4408.240765 1.014181
4408.440758 1.012653
4408.640751 1.016850
4408.840743 0.991148
4409.040736 0.987437
4409.240729 0.971933
4409.440722 0.980287
4409.640714 1.002915
4409.840707 1.010133
4410.040700 1.072795
4410.240693 1.021927
4410.440686 1.031687
4410.640678 0.996449
4410.840671 0.942971
4411.040664 0.977571
4411.240657 1.020297
4411.440649 1.012515
4411.640642 0.991242
4411.840635 1.020219
4412.040628 1.052113
4412.240621 1.044343
4412.440613 0.947867
4412.640606 1.043084
4412.840599 1.003976
4413.040592 0.966718
4413.240584 0.970849
4413.440577 0.985100
4413.640570 0.936577
4413.840563 1.018949
4414.040555 0.972133
4414.240548 1.018949
4414.440541 0.987131
4414.640534 1.001348
4414.840527 1.001429
4415.040519 1.001766
4415.240512 1.153915
4415.440505 1.045240
4415.640498 1.004069
4415.840490 1.012206
4416.040483 0.997981
4416.240476 1.013295
4416.440469 0.996372
4416.640462 1.006771
4416.840454 1.035131
4417.040447 1.003371
4417.240440 1.018861
4417.440433 0.983166
4417.640425 1.028751
4417.840418 0.994323
4418.040411 0.994197
4418.240404 1.003125
4418.440397 0.979858
4418.640389 0.963763
4418.840382 0.980937
4419.040375 1.039161
4419.240368 1.035058
4419.440360 1.014790
4419.640353 1.033895
4419.840346 1.035864
4420.040339 0.995832
4420.240332 0.998104
4420.440324 0.973469
4420.640317 1.007212
4420.840310 1.043368
4421.040303 1.046090
4421.240295 1.002928
4421.440288 0.977553
4421.640281 0.998470
4421.840274 1.008121
4422.040267 1.019001
4422.240259 0.955777
4422.440252 1.026994
4422.640245 1.069482
4422.840238 0.979386
4423.040230 1.024400
4423.240223 0.956420
4423.440216 0.976756
4423.640209 0.996205
4423.840202 0.991844
4424.040194 1.000760
4424.240187 0.994835
4424.440180 0.992084
4424.640173 1.042553
4424.840165 0.962643
4425.040158 0.999003
4425.240151 1.023388
4425.440144 0.985174
4425.640136 0.945951
4425.840129 0.983417
4426.040122 1.013492
4426.240115 1.024930
4426.440108 1.023309
4426.640100 1.026934
4426.840093 0.976356
4427.040086 1.013354
4427.240079 0.965347
4427.440071 1.037129
4427.640064 1.035100
4427.840057 1.027140
4428.040050 1.049932
4428.240043 1.026488
4428.440035 0.987089
4428.640028 1.010008
4428.840021 1.028426
4429.040014 1.017104
4429.240006 1.005509
4429.439999 0.975984
4429.639992 1.047139
4429.839985 1.010666
4430.039978 1.030538
4430.239970 1.030634
4430.439963 0.997021
4430.639956 0.976810
4430.839949 1.023116
4431.039941 0.979773
4431.239934 0.976368
4431.439927 1.082969
4431.639920 1.026505
4431.839913 0.995704
4432.039905 1.076415
4432.239898 0.992032
4432.439891 0.994670
4432.639884 1.012763
4432.839876 1.025525
4433.039869 1.011616
4433.239862 1.049573
4433.439855 1.050140
4433.639848 1.054438
4433.839840 1.010568
4434.039833 0.954508
4434.239826 1.078812
4434.439819 0.981164
4434.639811 1.025215
4434.839804 1.025410
4435.039797 0.974854
4435.239790 0.995061
4435.439783 1.022687
4435.639775 1.042659
4435.839768 1.000325
4436.039761 1.015096
4436.239754 1.036351
4436.439746 1.011914
4436.639739 0.991392
4436.839732 0.979255
4437.039725 0.993741
4437.239717 1.013479
4437.439710 0.989226
4437.639703 0.985465
4437.839696 1.025460
4438.039689 1.017953
4438.239681 0.997463
4438.439674 1.014615
4438.639667 1.013502
4438.839660 1.032018
4439.039652 0.953789
4439.239645 1.030310
4439.439638 0.965410
4439.639631 1.022878
4439.839624 1.005987
4440.039616 1.017593
4440.239609 1.106780
4440.439602 1.019960
4440.639595 1.044917
4440.839587 1.008077
4441.039580 1.047010
4441.239573 0.979001
4441.439566 1.011169
4441.639559 1.042601
4441.839551 1.060109
4442.039544 0.972015
4442.239537 1.015988
4442.439530 0.984061
4442.639522 0.973021
4442.839515 1.027163
4443.039508 0.987586
4443.239501 0.981756
4443.439494 0.985970
4443.639486 1.010289
4443.839479 0.965509
4444.039472 0.987176
4444.239465 0.971702
4444.439457 0.938730
4444.639450 1.005257
4444.839443 1.030587
4445.039436 1.005454
4445.239429 1.016664
4445.439421 1.004301
4445.639414 1.017207
4445.839407 1.019934
4446.039400 0.971609
4446.239392 1.010452
4446.439385 0.976453
4446.639378 1.001060
4446.839371 0.976996
4447.039363 0.998366
4447.239356 1.016813
4447.439349 1.009652
4447.639342 1.037449
4447.839335 1.002188
4448.039327 1.003614
4448.239320 0.952524
4448.439313 0.959194
4448.639306 1.047240
4448.839298 1.062303
4449.039291 1.004339
4449.239284 0.996430
4449.439277 1.052314
4449.639270 0.997590
4449.839262 0.976636
4450.039255 0.979500
4450.239248 0.985540
4450.439241 1.045426
4450.639233 0.988535
4450.839226 0.989753
4451.039219 0.995348
4451.239212 1.010723
4451.439205 0.975950
4451.639197 1.018717
4451.839190 0.979471
4452.039183 1.021122
4452.239176 0.929385
4452.439168 0.997651
4452.639161 0.997494
4452.839154 1.056847
4453.039147 1.010653
4453.239140 0.987575
4453.439132 1.061677
4453.639125 1.021614
4453.839118 1.028773
4454.039111 1.024376
4454.239103 0.989995
4454.439096 1.034157
4454.639089 1.018383
4454.839082 1.017772
4455.039075 1.021346
4455.239067 1.058404
4455.439060 1.003244
4455.639053 0.980053
4455.839046 0.955245
4456.039038 0.987890
4456.239031 1.004461
4456.439024 0.975268
4456.639017 1.060863
4456.839010 1.065150
4457.039002 1.042861
4457.238995 0.973967
4457.438988 0.995884
4457.638981 1.034406
4457.838973 0.987447
4458.038966 1.041927
4458.238959 1.066976
4458.438952 1.038509
4458.638944 0.977337
4458.838937 1.034000
4459.038930 0.987180
4459.238923 0.987472
4459.438916 0.971161
4459.638908 1.052806
4459.838901 0.988377
4460.038894 0.984459
4460.238887 0.985960
4460.438879 1.000293
4460.638872 0.993800
4460.838865 1.039402
4461.038858 1.009029
4461.238851 1.036308
4461.438843 1.067584
4461.638836 0.970061
4461.838829 0.983606
4462.038822 1.000202
4462.238814 1.036912
4462.438807 1.054114
4462.638800 0.975593
4462.838793 1.004264
4463.038786 0.995442
4463.238778 1.013691
4463.438771 1.084400
4463.638764 0.963498
4463.838757 1.014818
4464.038749 1.020908
4464.238742 1.056942
4464.438735 1.056550
4464.638728 1.017659
4464.838721 1.037215
4465.038713 1.063887
4465.238706 1.033350
4465.438699 0.974096
4465.638692 1.016547
4465.838684 1.015585
4466.038677 0.995166
4466.238670 1.005677
4466.438663 1.001869
4466.638656 1.020910
4466.838648 1.070215
4467.038641 1.000375
4467.238634 1.007848
4467.438627 1.022581
4467.638619 0.975421
4467.838612 1.017631
4468.038605 0.965629
4468.238598 1.017323
4468.438591 1.019409
4468.638583 0.954157
4468.838576 0.987393
4469.038569 0.977950
4469.238562 0.964343
4469.438554 1.001921
4469.638547 0.949596
4469.838540 0.905069
4470.038533 0.964779
4470.238525 0.941194
4470.438518 0.962681
4470.638511 0.982946
4470.838504 0.897678
4471.038497 0.924377
4471.238489 0.958457
4471.438482 0.907320
4471.638475 0.900277
4471.838468 0.881866
4472.038460 0.874323
4472.238453 0.926481
4472.438446 0.929961
4472.638439 0.920980
4472.838432 0.929572
4473.038424 0.874757
4473.238417 0.929021
4473.438410 0.997310
4473.638403 0.932054
4473.838395 0.961706
4474.038388 0.951778
4474.238381 0.945536
4474.438374 0.933659
4474.638367 0.969116
4474.838359 0.947731
4475.038352 0.947685
4475.238345 0.892204
4475.438338 0.933355
4475.638330 0.968465
4475.838323 0.921315
4476.038316 0.978798
4476.238309 0.915076
4476.438302 0.891067
4476.638294 0.958700
4476.838287 0.924992
4477.038280 0.866314
4477.238273 0.924223
4477.438265 0.939100
4477.638258 0.901276
4477.838251 0.909561
4478.038244 0.894671
4478.238237 0.817208
4478.438229 0.869407
4478.638222 0.905940
4478.838215 0.905308
4479.038208 0.865464
4479.238200 0.952604
4479.438193 0.977729
4479.638186 0.961435
4479.838179 0.950720
4480.038172 1.041252
4480.238164 0.988491
4480.438157 1.029059
4480.638150 0.963258
4480.838143 0.971443
4481.038135 0.970106
4481.238128 0.969913
4481.438121 0.984174
4481.638114 1.022520
4481.838106 0.964688
4482.038099 1.046434
4482.238092 1.003508
4482.438085 0.973522
4482.638078 0.964858
4482.838070 0.921437
4483.038063 0.970250
4483.238056 1.028570
4483.438049 1.022423
4483.638041 0.957885
4483.838034 1.011209
4484.038027 1.026132
4484.238020 1.006804
4484.438013 1.013341
4484.638005 1.092808
4484.837998 1.104760
4485.037991 0.972280
4485.237984 0.982700
4485.437976 0.982884
4485.637969 0.983411
4485.837962 0.985562
4486.037955 1.030617
4486.237948 1.016089
4486.437940 0.999510
4486.637933 0.956215
4486.837926 0.981383
4487.037919 1.010694
4487.237911 0.999242
4487.437904 0.992271
4487.637897 0.998173
4487.837890 1.061719
4488.037883 1.012441
4488.237875 1.081331
4488.437868 1.022428
4488.637861 1.057868
4488.837854 1.077292
4489.037846 1.046675
4489.237839 0.977194
4489.437832 1.045236
4489.637825 1.045849
4489.837818 1.023937
4490.037810 1.004997
4490.237803 1.072616
4490.437796 1.032824
4490.637789 0.989278
4490.837781 0.972380
4491.037774 1.015077
4491.237767 1.050225
4491.437760 1.029692
4491.637753 1.023368
4491.837745 1.043627
4492.037738 0.963887
4492.237731 1.029369
4492.437724 0.993076
4492.637716 1.024301
4492.837709 1.045039
4493.037702 0.992645
4493.237695 1.055659
4493.437687 0.997976
4493.637680 0.993287
4493.837673 0.970123
4494.037666 1.035085
4494.237659 1.069079
4494.437651 1.014530
4494.637644 1.017530
4494.837637 1.041052
4495.037630 1.011465
4495.237622 0.991849
4495.437615 0.956027
4495.637608 1.038185
4495.837601 1.011359
4496.037594 0.966586
4496.237586 1.000934
4496.437579 1.022581
4496.637572 1.006606
4496.837565 1.005831
4497.037557 1.058787
4497.237550 1.040505
4497.437543 1.053042
4497.637536 0.976565
4497.837529 0.993618
4498.037521 1.046300
4498.237514 1.073762
4498.437507 1.089426
4498.637500 1.047690
4498.837492 1.015565
4499.037485 0.956669
4499.237478 1.069983
4499.437471 1.066608
4499.637464 0.992759
4499.837456 0.957409
4500.037449 0.994977
4500.237442 1.015503
4500.437435 0.998207
4500.637427 0.975658
4500.837420 1.002100
4501.037413 0.972575
4501.237406 1.041388
4501.437399 1.022351
4501.637391 1.001196
4501.837384 1.052071
4502.037377 1.024459
4502.237370 1.052909
4502.437362 0.996052
4502.637355 1.003290
4502.837348 1.002176
4503.037341 0.996616
4503.237334 0.976431
4503.437326 1.053972
4503.637319 0.999454
4503.837312 1.019898
4504.037305 1.015227
4504.237297 0.984899
4504.437290 1.047531
4504.637283 1.012140
4504.837276 1.068319
4505.037268 1.045975
4505.237261 1.016658
4505.437254 1.027458
4505.637247 1.046268
4505.837240 1.024139
4506.037232 1.015711
4506.237225 0.968518
4506.437218 1.043640
4506.637211 1.042763
4506.837203 0.989087
4507.037196 0.989821
4507.237189 1.010977
4507.437182 0.980781
4507.637175 1.021387
4507.837167 1.011370
4508.037160 1.039122
4508.237153 1.005483
4508.437146 0.952082
4508.637138 0.996449
4508.837131 1.035167
4509.037124 1.033798
4509.237117 1.000880
4509.437110 1.009869
4509.637102 0.952118
4509.837095 1.032638
4510.037088 1.063878
4510.237081 1.020061
4510.437073 1.037680
4510.637066 1.031385
4510.837059 1.012596
4511.037052 1.080108
4511.237045 1.037253
4511.437037 1.034627
4511.637030 1.017538
4511.837023 1.004090
4512.037016 0.990231
4512.237008 1.049146
4512.437001 0.976449
4512.636994 1.039109
4512.836987 0.961805
4513.036980 1.035453
4513.236972 1.045663
4513.436965 1.038464
4513.636958 1.036570
4513.836951 0.999278
4514.036943 1.032914
4514.236936 1.065222
4514.436929 1.017358
4514.636922 1.014796
4514.836915 0.955194
4515.036907 0.955076
4515.236900 1.039569
4515.436893 1.018406
4515.636886 1.029481
4515.836878 1.000359
4516.036871 1.031343
4516.236864 1.041415
4516.436857 1.017416
4516.636849 1.035656
4516.836842 0.969275
4517.036835 1.000869
4517.236828 0.982924
4517.436821 1.031528
4517.636813 1.022254
4517.836806 1.025133
4518.036799 1.037741
4518.236792 0.998312
4518.436784 1.006752
4518.636777 0.983422
4518.836770 1.067405
4519.036763 0.941939
4519.236756 1.011184
4519.436748 0.974381
4519.636741 1.004898
4519.836734 1.010124
4520.036727 1.019550
4520.236719 0.966053
4520.436712 0.997181
4520.636705 0.953326
4520.836698 1.007708
4521.036691 1.021834
4521.236683 1.012205
4521.436676 1.056014
4521.636669 1.011533
4521.836662 0.972067
4522.036654 0.992646
4522.236647 1.028192
4522.436640 1.008173
4522.636633 0.969133
4522.836626 0.942880
4523.036618 0.929540
4523.236611 1.015154
4523.436604 1.028469
4523.636597 0.931341
4523.836589 0.964418
4524.036582 1.005770
4524.236575 1.036691
4524.436568 0.997766
4524.636561 1.048211
4524.836553 1.005470
4525.036546 1.013035
4525.236539 0.966511
4525.436532 1.042397
4525.636524 1.038828
4525.836517 0.984828
4526.036510 1.013322
4526.236503 1.028485
4526.436496 1.040073
4526.636488 1.009999
4526.836481 1.035729
4527.036474 1.019637
4527.236467 1.046087
4527.436459 1.047274
4527.636452 1.029008
4527.836445 1.062453
4528.036438 0.955446
4528.236430 1.012354
4528.436423 0.963351
4528.636416 0.988289
4528.836409 0.905497
4529.036402 0.993238
4529.236394 1.028589
4529.436387 1.022765
4529.636380 1.008991
4529.836373 0.972234
4530.036365 1.014309
4530.236358 0.933603
4530.436351 1.002261
4530.636344 0.968985
4530.836337 1.019344
4531.036329 1.052162
4531.236322 0.987150
4531.436315 0.986868
4531.636308 0.993611
4531.836300 1.039740
4532.036293 0.985649
4532.236286 0.958410
4532.436279 0.982576
4532.636272 0.967825
4532.836264 0.979583
4533.036257 1.047556
4533.236250 0.978673
4533.436243 0.965947
4533.636235 1.022568
4533.836228 0.960483
4534.036221 1.002656
4534.236214 0.951584
4534.436207 1.003147
4534.636199 1.016355
4534.836192 0.937199
4535.036185 1.019854
4535.236178 1.038737
4535.436170 0.971430
4535.636163 0.976252
4535.836156 0.997006
4536.036149 1.009766
4536.236142 0.994026
4536.436134 0.973242
4536.636127 1.024615
4536.836120 1.003688
4537.036113 1.008010
4537.236105 1.016077
4537.436098 0.974931
4537.636091 1.032500
4537.836084 0.998570
4538.036077 0.984176
4538.236069 1.019802
4538.436062 1.001910
4538.636055 1.009549
4538.836048 0.991048
4539.036040 1.012449
4539.236033 1.070102
4539.436026 1.008271
4539.636019 0.984931
4539.836011 1.037769
4540.036004 1.009356
4540.235997 0.988467
4540.435990 1.002941
4540.635983 0.944778
4540.835975 0.991667
4541.035968 0.950855
4541.235961 1.023500
4541.435954 1.034224
4541.635946 1.038990
4541.835939 1.032181
4542.035932 0.980301
4542.235925 1.050637
4542.435918 0.981601
4542.635910 1.002978
4542.835903 0.989665
4543.035896 1.007796
4543.235889 1.012477
4543.435881 1.044663
4543.635874 1.017672
4543.835867 1.023405
4544.035860 1.056841
4544.235853 0.979144
4544.435845 0.926169
4544.635838 1.045466
4544.835831 0.987370
4545.035824 1.047541
4545.235816 1.003761
4545.435809 1.015325
4545.635802 0.969861
4545.835795 0.983915
4546.035788 1.021898
4546.235780 1.031216
4546.435773 1.088622
4546.635766 0.994512
4546.835759 0.975126
4547.035751 0.969326
4547.235744 0.976049
4547.435737 1.072767
4547.635730 1.012415
4547.835723 1.030550
4548.035715 1.065364
4548.235708 0.989565
4548.435701 1.087133
4548.635694 0.977210
4548.835686 1.020620
4549.035679 1.013425
4549.235672 0.950627
4549.435665 1.011953
4549.635658 0.994574
4549.835650 1.021081
4550.035643 1.006430
4550.235636 1.016244
4550.435629 1.012793
4550.635621 0.982188
4550.835614 0.945439
4551.035607 0.939535
4551.235600 0.990763
4551.435592 0.995828
4551.635585 1.004651
4551.835578 0.992104
4552.035571 0.994666
4552.235564 1.011260
4552.435556 0.987410
4552.635549 1.073236
4552.835542 0.949700
4553.035535 0.952860
4553.235527 1.060415
4553.435520 0.989362
4553.635513 1.021885
4553.835506 0.947508
4554.035499 0.929858
4554.235491 0.951350
4554.435484 0.970421
4554.635477 1.052407
4554.835470 1.034887
4555.035462 1.032683
4555.235455 0.977177
4555.435448 1.005339
4555.635441 1.005013
4555.835434 1.003143
4556.035426 0.984579
4556.235419 0.958932
4556.435412 0.946493
4556.635405 0.981133
4556.835397 1.005623
4557.035390 1.037497
4557.235383 0.971591
4557.435376 0.986694
4557.635369 0.979193
4557.835361 0.960197
4558.035354 0.982084
4558.235347 1.009105
4558.435340 0.993017
4558.635332 0.975666
4558.835325 1.031131
4559.035318 0.963441
4559.235311 0.934571
4559.435304 1.069144
4559.635296 1.023146
4559.835289 1.030738
4560.035282 1.038878
4560.235275 0.932696
4560.435267 1.029182
4560.635260 1.023923
4560.835253 0.966194
4561.035246 0.959192
4561.235239 0.928521
4561.435231 0.998190
4561.635224 0.983688
4561.835217 0.868315
4562.035210 1.017162
4562.235202 0.969856
4562.435195 1.042017
4562.635188 0.950185
4562.835181 1.087741
4563.035173 1.094133
4563.235166 1.064944
4563.435159 1.012948
4563.635152 0.915408
4563.835145 1.026855
4564.035137 1.011714
4564.235130 0.985225
4564.435123 1.038320
4564.635116 0.936311
4564.835108 0.996781
4565.035101 0.975856
4565.235094 1.000242
4565.435087 1.000652
4565.635080 0.962395
4565.835072 0.936632
4566.035065 0.996881
4566.235058 0.964502
4566.435051 1.020361
4566.635043 -0.489843
4566.835036 -0.496021
4567.035029 -0.465505
4567.235022 -0.458620
4567.435015 -0.475371
4567.635007 -0.483602
4567.835000 -0.468895
4568.034993 -0.450501
4568.234986 -0.441618
4568.434978 -0.420065
4568.634971 -0.435987
4568.834964 -0.000008
4569.034957 0.000002
4569.234950 -0.000001
4569.434942 0.000000
4569.634935 -0.000000
4569.834928 0.000000
4570.034921 -0.000000
4570.234913 0.000000
4570.434906 -0.000000
4570.634899 0.000000
4570.834892 -0.000000
