3959.841699 0.981280
3960.041691 0.992185
3960.241683 1.025508
3960.441675 1.045061
3960.641667 1.052625
3960.841659 1.013173
3961.041651 0.961561
3961.241643 0.968321
3961.441635 0.944414
3961.641627 1.106802
3961.841619 1.018562
3962.041611 1.109611
3962.241603 1.000630
3962.441595 0.853634
3962.641587 0.946786
3962.841579 0.947022
3963.041571 0.955502
3963.241563 0.942802
3963.441555 0.993470
3963.641547 0.987259
3963.841539 1.002211
3964.041531 1.035246
3964.241523 1.118907
3964.441515 0.968774
3964.641507 1.021032
3964.841499 0.967663
3965.041491 0.925120
3965.241483 0.858427
3965.441475 0.912068
3965.641467 0.907801
3965.841459 0.857341
3966.041451 0.984895
3966.241443 0.848767
3966.441435 0.916824
3966.641427 0.880062
3966.841419 0.906061
3967.041411 0.845036
3967.241403 0.676873
3967.441395 0.958742
3967.641387 0.875816
3967.841379 0.943995
3968.041371 0.914839
3968.241363 0.831364
3968.441355 0.769762
3968.641347 0.717545
3968.841339 0.810504
3969.041331 0.774485
3969.241323 0.779141
3969.441315 0.692533
3969.641307 0.841515
3969.841299 0.759402
3970.041291 0.744045
3970.241283 0.718804
3970.441275 0.666146
3970.641267 0.609836
3970.841259 0.648297
3971.041251 0.713716
3971.241243 0.764344
3971.441235 0.724029
3971.641227 0.807332
3971.841219 0.769412
3972.041211 0.715572
3972.241203 0.813074
3972.441195 0.897211
3972.641187 0.718105
3972.841179 0.705717
3973.041171 0.714149
3973.241163 0.646113
3973.441155 0.559690
3973.641147 0.663883
3973.841139 0.768921
3974.041131 0.835166
3974.241123 0.671857
3974.441115 0.637927
3974.641107 0.762385
3974.841099 0.774353
3975.041091 0.829465
3975.241083 0.735411
3975.441075 0.827294
3975.641067 0.781856
3975.841059 0.789625
3976.041051 0.831203
3976.241043 0.841583
3976.441035 0.848645
3976.641027 0.788098
3976.841019 0.771633
3977.041011 0.773296
3977.241003 0.866987
3977.440995 0.880422
3977.640987 0.933073
3977.840979 0.760907
3978.040971 0.809808
3978.240963 0.816067
3978.440955 0.942519
3978.640947 0.860810
3978.840939 0.826864
3979.040931 0.920841
3979.240923 0.934124
3979.440915 0.966433
3979.640907 0.925965
3979.840899 0.980853
3980.040891 0.947176
3980.240883 0.956722
3980.440875 1.094659
3980.640867 0.923185
3980.840860 1.016162
3981.040852 0.997719
3981.240844 0.873280
3981.440836 1.004767
3981.640828 0.849522
3981.840820 0.898364
3982.040812 0.890423
3982.240804 0.928401
3982.440796 0.908663
3982.640788 0.963096
3982.840780 0.942605
3983.040772 1.055423
3983.240764 0.972114
3983.440756 1.073882
3983.640748 1.054093
3983.840740 0.997791
3984.040732 0.968306
3984.240724 0.991330
3984.440716 1.063867
3984.640708 1.009867
3984.840700 0.934542
3985.040692 1.019423
3985.240684 0.913440
3985.440676 1.092675
3985.640668 0.963000
3985.840660 1.042583
3986.040652 0.977691
3986.240644 0.952387
3986.440636 0.942903
3986.640628 0.932923
3986.840620 0.914154
3987.040612 1.094890
3987.240604 1.122508
3987.440596 0.948070
3987.640588 1.039793
3987.840580 1.000740
3988.040572 0.968135
3988.240564 1.030292
3988.440556 1.009042
3988.640548 0.997227
3988.840540 1.017159
3989.040532 1.006282
3989.240524 1.104429
3989.440516 1.030835
3989.640508 1.003184
3989.840500 1.026311
3990.040492 1.066796
3990.240484 1.138528
3990.440476 1.048112
3990.640468 1.027311
3990.840460 1.066425
3991.040452 1.082406
3991.240444 1.070254
3991.440436 1.015676
3991.640428 1.080795
3991.840420 1.069181
3992.040412 1.037695
3992.240404 1.127171
3992.440396 1.018482
3992.640388 1.163404
3992.840380 1.092691
3993.040372 1.110074
3993.240364 1.052165
3993.440356 1.094119
3993.640348 1.061784
3993.840340 1.061206
3994.040332 1.092981
3994.240324 1.043812
3994.440316 1.083674
3994.640308 1.069372
3994.840300 0.952384
3995.040292 1.043442
3995.240284 1.010348
3995.440276 0.934772
3995.640268 1.064264
3995.840260 1.034812
3996.040252 1.076900
3996.240244 0.949754
3996.440236 0.916083
3996.640228 1.015791
3996.840220 1.132409
3997.040212 1.024424
3997.240204 1.070539
3997.440196 0.943994
3997.640188 1.040570
3997.840180 1.091145
3998.040172 1.089857
3998.240164 1.036162
3998.440156 1.007472
3998.640148 1.007698
3998.840140 1.045172
3999.040132 1.085195
3999.240124 1.080491
3999.440116 1.067118
3999.640108 1.112354
3999.840100 0.982193
4000.040092 0.942442
4000.240084 1.038334
4000.440076 1.195040
4000.640068 0.992863
4000.840060 1.049015
4001.040052 1.062756
4001.240044 1.106999
4001.440036 0.971960
4001.640028 1.057109
4001.840020 1.084826
4002.040012 1.066656
4002.240004 1.012420
4002.439996 1.084694
4002.639988 1.036170
4002.839980 1.135532
4003.039972 1.043345
4003.239964 1.139710
4003.439956 0.937271
4003.639948 1.121488
4003.839940 1.045051
4004.039932 1.055286
4004.239924 1.108051
4004.439916 1.079951
4004.639908 1.096575
4004.839900 1.046992
4005.039892 1.019949
4005.239884 1.086929
4005.439876 1.122002
4005.639868 0.881395
4005.839860 0.959613
4006.039852 0.978916
4006.239844 1.028891
4006.439836 1.020023
4006.639828 1.009508
4006.839820 1.105991
4007.039812 0.999620
4007.239804 1.024350
4007.439796 1.009133
4007.639788 0.919305
4007.839780 0.974553
4008.039772 1.059346
4008.239764 1.004573
4008.439756 1.013778
4008.639748 1.086792
4008.839740 1.080474
4009.039732 1.024034
4009.239724 0.971719
4009.439716 1.035194
4009.639708 1.024784
4009.839700 1.007186
4010.039692 0.935539
4010.239684 0.923249
4010.439676 0.967730
4010.639668 0.993589
4010.839660 0.987771
4011.039652 0.921076
4011.239644 0.956278
4011.439636 0.985728
4011.639628 1.060521
4011.839620 1.029442
4012.039612 0.960595
4012.239604 0.925052
4012.439596 1.033248
4012.639588 0.928036
4012.839580 1.122719
4013.039572 0.998231
4013.239564 0.932779
4013.439556 0.930390
4013.639548 0.987558
4013.839540 0.929343
4014.039532 0.895360
4014.239524 0.991312
4014.439516 0.984705
4014.639508 1.067484
4014.839500 0.995803
4015.039492 1.007429
4015.239484 0.984774
4015.439476 0.990286
4015.639468 0.942972
4015.839460 0.960091
4016.039452 0.948998
4016.239444 0.993330
4016.439436 1.034180
4016.639428 1.092385
4016.839420 1.061823
4017.039412 1.025612
4017.239404 1.033972
4017.439396 0.964359
4017.639388 1.033005
4017.839380 1.052551
4018.039372 0.948060
4018.239364 0.955702
4018.439356 1.038519
4018.639348 1.084283
4018.839340 1.065756
4019.039332 1.049667
4019.239324 1.041733
4019.439316 0.938512
4019.639308 1.026971
4019.839300 1.111430
4020.039292 0.979551
4020.239284 1.058231
4020.439276 1.135375
4020.639268 1.046257
4020.839261 0.958196
4021.039253 0.936899
4021.239245 1.009209
4021.439237 1.046778
4021.639229 1.067268
4021.839221 1.119233
4022.039213 0.999222
4022.239205 1.045628
4022.439197 1.116660
4022.639189 1.114997
4022.839181 0.988104
4023.039173 1.028763
4023.239165 1.009197
4023.439157 1.014193
4023.639149 0.998414
4023.839141 0.956691
4024.039133 1.029118
4024.239125 1.050385
4024.439117 1.039004
4024.639109 1.015524
4024.839101 1.046410
4025.039093 0.972925
4025.239085 0.930372
4025.439077 1.012263
4025.639069 1.001223
4025.839061 0.990266
4026.039053 0.917785
4026.239045 0.916448
4026.439037 0.901714
4026.639029 0.911891
4026.839021 0.873786
4027.039013 0.957920
4027.239005 0.833895
4027.438997 0.846084
4027.638989 0.818509
4027.838981 0.911882
4028.038973 0.834922
4028.238965 0.877684
4028.438957 0.829801
4028.638949 0.944373
4028.838941 0.924990
4029.038933 0.910331
4029.238925 0.898604
4029.438917 0.947313
4029.638909 0.923828
4029.838901 0.867752
4030.038893 0.863432
4030.238885 0.968908
4030.438877 0.912508
4030.638869 0.850391
4030.838861 0.975853
4031.038853 0.927623
4031.238845 0.963584
4031.438837 0.907849
4031.638829 0.858644
4031.838821 0.918406
4032.038813 1.006999
4032.238805 0.963985
4032.438797 0.879354
4032.638789 0.970255
4032.838781 0.973133
4033.038773 0.982607
4033.238765 0.996549
4033.438757 0.983944
4033.638749 1.015798
4033.838741 1.029361
4034.038733 1.002451
4034.238725 0.972133
4034.438717 1.022137
4034.638709 0.995891
4034.838701 1.067288
4035.038693 0.942736
4035.238685 1.024044
4035.438677 1.013739
4035.638669 0.969760
4035.838661 0.961564
4036.038653 1.039915
4036.238645 0.986159
4036.438637 0.980356
4036.638629 1.012129
4036.838621 1.066060
4037.038613 1.004016
4037.238605 0.961397
4037.438597 1.013791
4037.638589 1.046442
4037.838581 1.083746
4038.038573 1.026110
4038.238565 1.005005
4038.438557 0.982820
4038.638549 0.997318
4038.838541 1.039435
4039.038533 0.982345
4039.238525 1.036616
4039.438517 0.984950
4039.638509 1.072445
4039.838501 0.969896
4040.038493 0.941332
4040.238485 0.953466
4040.438477 1.007634
4040.638469 1.014583
4040.838461 1.073474
4041.038453 1.031962
4041.238445 1.064654
4041.438437 1.083225
4041.638429 1.055478
4041.838421 0.957808
4042.038413 1.004133
4042.238405 0.952239
4042.438397 1.082302
4042.638389 0.963054
4042.838381 0.939227
4043.038373 1.030207
4043.238365 1.109673
4043.438357 1.081597
4043.638349 1.100718
4043.838341 1.110754
4044.038333 1.027663
4044.238325 1.006346
4044.438317 1.043898
4044.638309 0.989217
4044.838301 0.964030
4045.038293 0.995022
4045.238285 1.011247
4045.438277 1.083614
4045.638269 1.006824
4045.838261 1.033750
4046.038253 0.989183
4046.238245 0.977584
4046.438237 0.923807
4046.638229 1.009738
4046.838221 1.050987
4047.038213 0.998525
4047.238205 0.898254
4047.438197 0.997728
4047.638189 1.037524
4047.838181 0.995288
4048.038173 0.984274
4048.238165 0.990110
4048.438157 1.019524
4048.638149 1.041319
4048.838141 1.060823
4049.038133 1.036155
4049.238125 1.006748
4049.438117 1.095149
4049.638109 0.963654
4049.838101 0.966640
4050.038093 0.993130
4050.238085 1.012971
4050.438077 0.959329
4050.638069 1.041950
4050.838061 1.032259
4051.038053 1.079676
4051.238045 1.010190
4051.438037 1.059614
4051.638029 1.083609
4051.838021 0.964584
4052.038013 1.128181
4052.238005 1.039500
4052.437997 1.000340
4052.637989 1.074704
4052.837981 1.044909
4053.037973 0.947311
4053.237965 1.027774
4053.437957 1.013883
4053.637949 1.022140
4053.837941 0.981872
4054.037933 0.984233
4054.237925 1.000697
4054.437917 1.026395
4054.637909 1.104203
4054.837901 1.004116
4055.037893 1.061381
4055.237885 1.025912
4055.437877 1.037980
4055.637869 0.999459
4055.837861 1.055639
4056.037853 1.014171
4056.237845 0.982283
4056.437837 1.015270
4056.637829 0.969598
4056.837821 1.043853
4057.037813 1.003297
4057.237805 0.947343
4057.437797 0.945122
4057.637789 0.940806
4057.837781 1.033658
4058.037773 1.074761
4058.237765 1.041640
4058.437757 1.047708
4058.637749 1.053082
4058.837741 1.056989
4059.037733 1.026336
4059.237725 1.064257
4059.437717 0.988960
4059.637709 0.973317
4059.837701 0.993292
4060.037693 1.049801
4060.237685 1.054567
4060.437677 1.000475
4060.637669 1.027496
4060.837662 1.097947
4061.037654 0.997600
4061.237646 1.027046
4061.437638 1.098746
4061.637630 1.042102
4061.837622 0.988724
4062.037614 1.045579
4062.237606 0.987268
4062.437598 0.949096
4062.637590 1.061988
4062.837582 1.082906
4063.037574 0.972622
4063.237566 0.934307
4063.437558 1.014601
4063.637550 0.936073
4063.837542 0.978992
4064.037534 1.033595
4064.237526 0.985255
4064.437518 1.035959
4064.637510 0.986351
4064.837502 1.073667
4065.037494 1.059252
4065.237486 1.036750
4065.437478 1.022706
4065.637470 1.039657
4065.837462 1.026640
4066.037454 0.981156
4066.237446 1.016138
4066.437438 1.053988
4066.637430 0.959786
4066.837422 1.083027
4067.037414 1.043465
4067.237406 0.873304
4067.437398 1.032540
4067.637390 0.976091
4067.837382 1.013239
4068.037374 0.960458
4068.237366 1.018874
4068.437358 1.040439
4068.637350 1.038355
4068.837342 1.043212
4069.037334 1.006078
4069.237326 0.984996
4069.437318 0.967811
4069.637310 1.091231
4069.837302 0.982177
4070.037294 1.035447
4070.237286 1.017397
4070.437278 0.942952
4070.637270 0.972954
4070.837262 1.002810
4071.037254 1.009024
4071.237246 1.013751
4071.437238 1.007862
4071.637230 1.086057
4071.837222 0.995933
4072.037214 0.987581
4072.237206 0.870108
4072.437198 0.978458
4072.637190 0.919761
4072.837182 0.940949
4073.037174 0.992521
4073.237166 0.955771
4073.437158 0.949872
4073.637150 0.986293
4073.837142 1.079600
4074.037134 1.020133
4074.237126 1.004344
4074.437118 1.078077
4074.637110 0.991308
4074.837102 0.979727
4075.037094 1.017369
4075.237086 1.007128
4075.437078 1.012891
4075.637070 0.995265
4075.837062 0.994273
4076.037054 0.911504
4076.237046 0.937293
4076.437038 0.943174
4076.637030 1.050380
4076.837022 0.977116
4077.037014 0.987764
4077.237006 1.046853
4077.436998 0.989424
4077.636990 0.976948
4077.836982 0.992048
4078.036974 0.972456
4078.236966 0.948244
4078.436958 0.974287
4078.636950 1.041724
4078.836942 0.962830
4079.036934 0.979488
4079.236926 0.990350
4079.436918 0.980169
4079.636910 1.022207
4079.836902 0.969561
4080.036894 0.975895
4080.236886 1.000919
4080.436878 1.014220
4080.636870 0.970904
4080.836862 0.996356
4081.036854 1.031801
4081.236846 1.009308
4081.436838 1.039619
4081.636830 1.023234
4081.836822 0.979394
4082.036814 1.005789
4082.236806 0.935918
4082.436798 0.959049
4082.636790 1.014846
4082.836782 0.967303
4083.036774 0.993730
4083.236766 1.056089
4083.436758 0.996423
4083.636750 1.027527
4083.836742 1.096559
4084.036734 0.966321
4084.236726 1.004067
4084.436718 1.059513
4084.636710 0.968331
4084.836702 0.936054
4085.036694 0.989344
4085.236686 1.014234
4085.436678 0.964703
4085.636670 0.957823
4085.836662 0.938370
4086.036654 1.035319
4086.236646 1.046668
4086.436638 0.935746
4086.636630 0.995245
4086.836622 1.003135
4087.036614 0.985456
4087.236606 0.966924
4087.436598 0.936056
4087.636590 0.945870
4087.836582 0.981419
4088.036574 0.966526
4088.236566 0.969127
4088.436558 1.038349
4088.636550 1.018066
4088.836542 1.018340
4089.036534 1.006999
4089.236526 0.968478
4089.436518 1.033481
4089.636510 1.074036
4089.836502 0.852356
4090.036494 0.921261
4090.236486 0.943848
4090.436478 0.950569
4090.636470 0.988307
4090.836462 1.013525
4091.036454 0.946505
4091.236446 0.948845
4091.436438 0.959852
4091.636430 0.933163
4091.836422 0.957759
4092.036414 0.964734
4092.236406 1.011672
4092.436398 0.941422
4092.636390 0.933496
4092.836382 0.940680
4093.036374 0.957074
4093.236366 0.993032
4093.436358 0.983144
4093.636350 0.982287
4093.836342 0.893868
4094.036334 1.011601
4094.236326 0.986792
4094.436318 0.949641
4094.636310 0.988098
4094.836302 0.922154
4095.036294 0.907893
4095.236286 0.926475
4095.436278 0.883950
4095.636270 0.951822
4095.836262 0.914585
4096.036254 0.886450
4096.236246 0.982936
4096.436238 0.945448
4096.636230 0.905484
4096.836222 0.958667
4097.036214 0.923466
4097.236206 0.857688
4097.436198 0.915551
4097.636190 0.921360
4097.836182 0.845360
4098.036174 0.837104
4098.236166 0.880155
4098.436158 0.815212
4098.636150 0.891407
4098.836142 0.859744
4099.036134 0.867315
4099.236126 0.806616
4099.436118 0.852219
4099.636110 0.806301
4099.836102 0.836079
4100.036094 0.813252
4100.236086 0.826094
4100.436078 0.864953
4100.636070 0.828579
4100.836062 0.804851
4101.036055 0.828363
4101.236047 0.752712
4101.436039 0.718534
4101.636031 0.723199
4101.836023 0.802158
4102.036015 0.751704
4102.236007 0.719302
4102.435999 0.737500
4102.635991 0.774523
4102.835983 0.740687
4103.035975 0.692878
4103.235967 0.686506
4103.435959 0.763937
4103.635951 0.751142
4103.835943 0.732587
4104.035935 0.774751
4104.235927 0.785609
4104.435919 0.770498
4104.635911 0.689085
4104.835903 0.672167
4105.035895 0.617737
4105.235887 0.685302
4105.435879 0.660253
4105.635871 0.704434
4105.835863 0.716717
4106.035855 0.709761
4106.235847 0.734609
4106.435839 0.707423
4106.635831 0.664380
4106.835823 0.670432
4107.035815 0.708449
4107.235807 0.723268
4107.435799 0.736372
4107.635791 0.683059
4107.835783 0.721667
4108.035775 0.752230
4108.235767 0.746655
4108.435759 0.736412
4108.635751 0.823685
4108.835743 0.847848
4109.035735 0.865470
4109.235727 0.779991
4109.435719 0.751618
4109.635711 0.848315
4109.835703 0.816546
4110.035695 0.788585
4110.235687 0.849373
4110.435679 0.857118
4110.635671 0.851557
4110.835663 0.863176
4111.035655 0.774271
4111.235647 0.857158
4111.435639 0.874707
4111.635631 0.920958
4111.835623 0.897444
4112.035615 0.910488
4112.235607 0.968232
4112.435599 0.888552
4112.635591 0.957193
4112.835583 0.938749
4113.035575 0.905660
4113.235567 0.863293
4113.435559 0.903414
4113.635551 0.915396
4113.835543 0.934249
4114.035535 1.021335
4114.235527 0.902647
4114.435519 0.959088
4114.635511 0.986447
4114.835503 0.974845
4115.035495 0.866937
4115.235487 1.019526
4115.435479 0.984578
4115.635471 1.042117
4115.835463 1.016961
4116.035455 1.029194
4116.235447 0.916058
4116.435439 0.994203
4116.635431 0.964388
4116.835423 1.038056
4117.035415 0.916582
4117.235407 0.933756
4117.435399 0.935096
4117.635391 0.916861
4117.835383 0.895807
4118.035375 0.975848
4118.235367 0.984073
4118.435359 0.953477
4118.635351 0.893636
4118.835343 1.057926
4119.035335 0.948113
4119.235327 0.980830
4119.435319 1.003184
4119.635311 0.976626
4119.835303 0.992174
4120.035295 0.983043
4120.235287 0.965107
4120.435279 0.980704
4120.635271 0.966811
4120.835263 0.930408
4121.035255 1.087068
4121.235247 0.928850
4121.435239 0.970601
4121.635231 0.904207
4121.835223 1.008852
4122.035215 1.024256
4122.235207 0.959920
4122.435199 0.931224
4122.635191 1.002009
4122.835183 0.955445
4123.035175 1.007530
4123.235167 0.920882
4123.435159 0.987776
4123.635151 1.003716
4123.835143 0.934971
4124.035135 0.918571
4124.235127 0.973064
4124.435119 1.027630
4124.635111 1.050603
4124.835103 0.933184
4125.035095 0.930732
4125.235087 0.941979
4125.435079 0.987722
4125.635071 1.020686
4125.835063 0.956392
4126.035055 0.949578
4126.235047 0.876714
4126.435039 0.935624
4126.635031 0.948158
4126.835023 0.965023
4127.035015 0.991030
4127.235007 1.022182
4127.434999 0.961671
4127.634991 1.046295
4127.834983 1.025306
4128.034975 0.929084
4128.234967 0.994095
4128.434959 1.007992
4128.634951 1.004032
4128.834943 1.057661
4129.034935 1.022825
4129.234927 1.042067
4129.434919 0.973550
4129.634911 1.015560
4129.834903 0.947410
4130.034895 1.000972
4130.234887 0.971180
4130.434879 0.989414
4130.634871 0.938811
4130.834863 0.945311
4131.034855 0.994998
4131.234847 1.068166
4131.434839 1.063642
4131.634831 0.974195
4131.834823 0.991943
4132.034815 1.009103
4132.234807 1.006800
4132.434799 1.005580
4132.634791 0.967073
4132.834783 0.976195
4133.034775 0.947302
4133.234767 0.993824
4133.434759 0.927589
4133.634751 0.979224
4133.834743 1.070490
4134.034735 0.938438
4134.234727 0.959376
4134.434719 0.941262
4134.634711 1.040793
4134.834703 1.000826
4135.034695 0.971234
4135.234687 0.959752
4135.434679 0.932180
4135.634671 1.068677
4135.834663 1.010491
4136.034655 0.979235
4136.234647 1.026018
4136.434639 0.996519
4136.634631 1.012000
4136.834623 0.946409
4137.034615 0.998196
4137.234607 1.011840
4137.434599 1.020136
4137.634591 1.007283
4137.834583 0.992332
4138.034575 1.074413
4138.234567 0.976278
4138.434559 0.937371
4138.634551 1.034472
4138.834543 1.039807
4139.034535 1.046839
4139.234527 0.986979
4139.434519 1.057005
4139.634511 1.034826
4139.834503 0.972098
4140.034495 0.992329
4140.234487 0.984739
4140.434479 1.014875
4140.634471 0.990021
4140.834463 1.034061
4141.034456 0.957648
4141.234448 0.973688
4141.434440 1.057762
4141.634432 0.976639
4141.834424 0.948614
4142.034416 1.113004
4142.234408 1.023729
4142.434400 1.041911
4142.634392 1.012995
4142.834384 0.999599
4143.034376 0.998234
4143.234368 1.020567
4143.434360 0.917151
4143.634352 0.958910
4143.834344 0.930363
4144.034336 0.931330
4144.234328 0.934885
4144.434320 0.937271
4144.634312 1.029421
4144.834304 0.901466
4145.034296 0.905305
4145.234288 0.937216
4145.434280 0.942185
4145.634272 0.943357
4145.834264 0.934810
4146.034256 0.856667
4146.234248 1.014324
4146.434240 0.919590
4146.634232 0.890672
4146.834224 0.879628
4147.034216 0.932458
4147.234208 0.961702
4147.434200 0.935824
4147.634192 0.957435
4147.834184 0.965254
4148.034176 0.920868
4148.234168 0.891202
4148.434160 0.917350
4148.634152 0.958426
4148.834144 0.962954
4149.034136 0.949116
4149.234128 0.937467
4149.434120 0.943158
4149.634112 0.946876
4149.834104 0.950879
4150.034096 0.973420
4150.234088 0.979771
4150.434080 0.992747
4150.634072 0.880446
4150.834064 0.956523
4151.034056 0.983362
4151.234048 0.995714
4151.434040 1.023011
4151.634032 0.974397
4151.834024 1.077566
4152.034016 1.103305
4152.234008 1.012393
4152.434000 0.945583
4152.633992 1.081367
4152.833984 1.065047
4153.033976 1.051112
4153.233968 1.014729
4153.433960 0.954039
4153.633952 0.991911
4153.833944 0.998094
4154.033936 0.938410
4154.233928 1.008461
4154.433920 1.001732
4154.633912 1.088540
4154.833904 0.972217
4155.033896 0.980463
4155.233888 0.941592
4155.433880 0.976561
4155.633872 1.057100
4155.833864 1.039457
4156.033856 0.954631
4156.233848 1.039491
4156.433840 1.029785
4156.633832 0.984666
4156.833824 0.987173
4157.033816 0.973264
4157.233808 1.032427
4157.433800 1.007027
4157.633792 1.008674
4157.833784 1.031825
4158.033776 1.033484
4158.233768 1.071522
4158.433760 0.996019
4158.633752 1.016098
4158.833744 1.022629
4159.033736 1.028934
4159.233728 1.037334
4159.433720 1.052745
4159.633712 0.961373
4159.833704 1.017845
4160.033696 1.044700
4160.233688 0.940902
4160.433680 1.047437
4160.633672 1.046863
4160.833664 1.056822
4161.033656 0.961567
4161.233648 1.014063
4161.433640 0.935632
4161.633632 1.004731
4161.833624 1.048022
4162.033616 1.039718
4162.233608 1.060893
4162.433600 1.003510
4162.633592 0.965297
4162.833584 0.967239
4163.033576 1.102154
4163.233568 1.020658
4163.433560 1.005884
4163.633552 0.984870
4163.833544 1.007222
4164.033536 1.021666
4164.233528 1.013137
4164.433520 1.063297
4164.633512 1.047581
4164.833504 1.005719
4165.033496 1.087830
4165.233488 0.999725
4165.433480 0.982943
4165.633472 0.969172
4165.833464 0.998134
4166.033456 0.967818
4166.233448 0.921121
4166.433440 1.000590
4166.633432 1.022983
4166.833424 1.004526
4167.033416 0.994275
4167.233408 1.032743
4167.433400 1.014035
4167.633392 1.075450
4167.833384 1.030736
4168.033376 1.007749
4168.233368 1.004184
4168.433360 1.039828
4168.633352 1.051772
4168.833344 1.042182
4169.033336 1.118697
4169.233328 0.948990
4169.433320 0.926056
4169.633312 1.025488
4169.833304 1.055517
4170.033296 1.010121
4170.233288 0.986971
4170.433280 0.968155
4170.633272 1.025026
4170.833264 0.988196
4171.033256 0.966014
4171.233248 0.993645
4171.433240 1.043695
4171.633232 1.024654
4171.833224 1.052667
4172.033216 0.996729
4172.233208 0.940458
4172.433200 0.995186
4172.633192 1.042839
4172.833184 1.004562
4173.033176 1.017278
4173.233168 1.010171
4173.433160 1.036562
4173.633152 1.003433
4173.833144 0.970802
4174.033136 1.001918
4174.233128 1.027430
4174.433120 0.966221
4174.633112 0.995319
4174.833104 1.023980
4175.033096 0.959953
4175.233088 0.995116
4175.433080 1.045068
4175.633072 0.984348
4175.833064 0.991388
4176.033056 1.080358
4176.233048 0.996421
4176.433040 1.049665
4176.633032 1.009103
4176.833024 1.040645
4177.033016 1.010472
4177.233008 1.025499
4177.433000 1.002994
4177.632992 0.961985
4177.832984 0.996727
4178.032976 1.057933
4178.232968 1.072408
4178.432960 0.993417
4178.632952 1.015143
4178.832944 0.956473
4179.032936 1.003510
4179.232928 1.005951
4179.432920 1.074249
4179.632912 0.958172
4179.832904 1.031377
4180.032896 1.045710
4180.232888 1.008054
4180.432880 1.090197
4180.632872 1.048103
4180.832864 1.050510
4181.032857 0.994252
4181.232849 1.000543
4181.432841 1.019633
4181.632833 1.068918
4181.832825 0.987836
4182.032817 1.002805
4182.232809 1.043663
4182.432801 1.017506
4182.632793 0.938978
4182.832785 1.074148
4183.032777 0.990603
4183.232769 1.067467
4183.432761 0.985451
4183.632753 0.998858
4183.832745 1.007273
4184.032737 1.114165
4184.232729 1.008813
4184.432721 0.985580
4184.632713 0.957213
4184.832705 1.021252
4185.032697 1.032653
4185.232689 1.028869
4185.432681 1.059429
4185.632673 1.070430
4185.832665 0.993159
4186.032657 1.013982
4186.232649 0.990758
4186.432641 1.098345
4186.632633 1.024880
4186.832625 1.029315
4187.032617 1.052801
4187.232609 0.957904
4187.432601 1.042174
4187.632593 0.996562
4187.832585 1.023762
4188.032577 1.032930
4188.232569 1.025429
4188.432561 1.011234
4188.632553 0.969034
4188.832545 1.023508
4189.032537 1.083298
4189.232529 1.003482
4189.432521 0.955196
4189.632513 1.015982
4189.832505 0.950068
4190.032497 1.039956
4190.232489 1.047662
4190.432481 1.040070
4190.632473 0.997102
4190.832465 1.022450
4191.032457 0.970346
4191.232449 0.978356
4191.432441 1.060963
4191.632433 1.011926
4191.832425 1.036515
4192.032417 1.017080
4192.232409 1.103886
4192.432401 1.094625
4192.632393 1.016292
4192.832385 0.991637
4193.032377 1.066287
4193.232369 0.937512
4193.432361 0.982977
4193.632353 0.997699
4193.832345 1.041404
4194.032337 1.053964
4194.232329 1.018246
4194.432321 1.043313
4194.632313 1.065339
4194.832305 0.992491
4195.032297 1.019118
4195.232289 1.046300
4195.432281 1.041417
4195.632273 1.058226
4195.832265 1.058524
4196.032257 1.033407
4196.232249 0.993796
4196.432241 0.999102
4196.632233 0.997413
4196.832225 1.057780
4197.032217 1.062273
4197.232209 0.957329
4197.432201 0.971292
4197.632193 1.070120
4197.832185 0.982093
4198.032177 0.961590
4198.232169 0.972502
4198.432161 0.961982
4198.632153 0.986306
4198.832145 1.013846
4199.032137 1.001345
4199.232129 0.994106
4199.432121 1.002293
4199.632113 1.028294
4199.832105 0.987801
4200.032097 1.022762
4200.232089 1.072090
4200.432081 1.059939
4200.632073 1.018271
4200.832065 1.014755
4201.032057 0.987827
4201.232049 1.046746
4201.432041 0.989411
4201.632033 0.920949
4201.832025 1.033767
4202.032017 1.027105
4202.232009 1.033730
4202.432001 1.025444
4202.631993 1.021069
4202.831985 1.023422
4203.031977 1.035325
4203.231969 1.009710
4203.431961 0.995788
4203.631953 1.055660
4203.831945 1.083814
4204.031937 1.077632
4204.231929 1.049370
4204.431921 0.970127
4204.631913 1.020129
4204.831905 1.038482
4205.031897 0.926651
4205.231889 1.017966
4205.431881 1.049685
4205.631873 0.994252
4205.831865 0.981367
4206.031857 1.007556
4206.231849 1.013419
4206.431841 1.038727
4206.631833 1.028631
4206.831825 1.030851
4207.031817 1.075235
4207.231809 1.048554
4207.431801 1.032071
4207.631793 0.947475
4207.831785 0.997058
4208.031777 0.986350
4208.231769 1.012685
4208.431761 0.970846
4208.631753 1.013799
4208.831745 0.980330
4209.031737 1.031776
4209.231729 1.029290
4209.431721 1.009892
4209.631713 0.955117
4209.831705 1.045463
4210.031697 1.016176
4210.231689 1.033454
4210.431681 1.040938
4210.631673 1.020171
4210.831665 0.990137
4211.031657 1.051620
4211.231649 1.062343
4211.431641 1.032780
4211.631633 1.022316
4211.831625 1.013674
4212.031617 1.024306
4212.231609 1.020304
4212.431601 1.006320
4212.631593 1.008274
4212.831585 1.057807
4213.031577 1.055709
4213.231569 1.057833
4213.431561 0.994464
4213.631553 0.997013
4213.831545 1.032912
4214.031537 1.007668
4214.231529 1.069601
4214.431521 1.025185
4214.631513 1.018110
4214.831505 1.017119
4215.031497 1.003543
4215.231489 1.058387
4215.431481 0.987585
4215.631473 0.949684
4215.831465 0.979761
4216.031457 1.018427
4216.231449 1.030533
4216.431441 1.062572
4216.631433 1.076613
4216.831425 0.998896
4217.031417 1.010382
4217.231409 1.077983
4217.431401 1.056078
4217.631393 1.021067
4217.831385 1.001154
4218.031377 0.960046
4218.231369 1.095024
4218.431361 1.061948
4218.631353 1.035994
4218.831345 1.047596
4219.031337 1.075018
4219.231329 1.026232
4219.431321 1.070717
4219.631313 1.061271
4219.831305 1.074266
4220.031297 1.020896
4220.231289 0.948048
4220.431281 1.024226
4220.631273 0.996839
4220.831265 0.973974
4221.031258 0.930007
4221.231250 1.038603
4221.431242 0.979357
4221.631234 1.036498
4221.831226 0.969219
4222.031218 1.008711
4222.231210 0.953653
4222.431202 0.962824
4222.631194 0.959782
4222.831186 0.975570
4223.031178 1.041807
4223.231170 1.009900
4223.431162 0.998817
4223.631154 1.003178
4223.831146 1.019496
4224.031138 1.096749
4224.231130 1.067786
4224.431122 1.000537
4224.631114 1.021474
4224.831106 1.028681
4225.031098 1.034825
4225.231090 1.019150
4225.431082 0.990846
4225.631074 1.011444
4225.831066 1.062231
4226.031058 1.041367
4226.231050 0.990202
4226.431042 1.023494
4226.631034 0.981989
4226.831026 1.011433
4227.031018 1.030578
4227.231010 1.010734
4227.431002 0.968319
4227.630994 0.959145
4227.830986 0.983101
4228.030978 1.036038
4228.230970 1.027091
4228.430962 0.974543
4228.630954 0.985926
4228.830946 1.008413
4229.030938 1.011369
4229.230930 1.015362
4229.430922 1.012087
4229.630914 1.080085
4229.830906 1.019762
4230.030898 0.986156
4230.230890 1.047855
4230.430882 1.011035
4230.630874 1.017450
4230.830866 1.042924
4231.030858 0.994927
4231.230850 1.030612
4231.430842 1.071784
4231.630834 0.993473
4231.830826 0.970394
4232.030818 1.071480
4232.230810 0.933781
4232.430802 0.955091
4232.630794 0.996813
4232.830786 0.947223
4233.030778 1.050393
4233.230770 1.032643
4233.430762 0.941740
4233.630754 1.045483
4233.830746 0.995316
4234.030738 0.997730
4234.230730 1.038531
4234.430722 1.006675
4234.630714 0.999964
4234.830706 1.106863
4235.030698 0.994867
4235.230690 1.005417
4235.430682 1.021960
4235.630674 1.069788
4235.830666 1.023947
4236.030658 1.014813
4236.230650 0.975731
4236.430642 1.012977
4236.630634 0.983948
4236.830626 1.083409
4237.030618 1.020864
4237.230610 1.001839
4237.430602 0.936416
4237.630594 0.991123
4237.830586 1.052118
4238.030578 1.021488
4238.230570 0.928333
4238.430562 1.031977
4238.630554 0.983221
4238.830546 1.056488
4239.030538 1.046676
4239.230530 1.048934
4239.430522 1.029079
4239.630514 1.010491
4239.830506 1.021249
4240.030498 0.951137
4240.230490 0.986848
4240.430482 0.970600
4240.630474 0.993280
4240.830466 1.029577
4241.030458 1.016732
4241.230450 1.010998
4241.430442 0.993521
4241.630434 0.997856
4241.830426 1.095602
4242.030418 0.969396
4242.230410 1.021570
4242.430402 0.986605
4242.630394 1.004565
4242.830386 1.054702
4243.030378 1.007577
4243.230370 1.009340
4243.430362 1.020210
4243.630354 1.002567
4243.830346 1.004042
4244.030338 0.963295
4244.230330 1.010021
4244.430322 0.994203
4244.630314 1.005019
4244.830306 0.964555
4245.030298 1.030708
4245.230290 1.061128
4245.430282 0.991040
4245.630274 0.987340
4245.830266 1.044463
4246.030258 0.956458
4246.230250 1.021052
4246.430242 1.046935
4246.630234 1.031392
4246.830226 1.042583
4247.030218 1.039353
4247.230210 1.025267
4247.430202 1.009464
4247.630194 0.974118
4247.830186 0.926135
4248.030178 1.056143
4248.230170 1.004016
4248.430162 0.945365
4248.630154 1.078563
4248.830146 1.041444
4249.030138 1.045952
4249.230130 0.984547
4249.430122 0.993368
4249.630114 0.991913
4249.830106 1.018797
4250.030098 1.080264
4250.230090 1.038831
4250.430082 0.969427
4250.630074 0.979996
4250.830066 1.026290
4251.030058 0.940763
4251.230050 0.993168
4251.430042 0.978109
4251.630034 1.038452
4251.830026 1.097636
4252.030018 0.986105
4252.230010 0.978453
4252.430002 0.980515
4252.629994 1.013298
4252.829986 1.014454
4253.029978 0.957286
4253.229970 0.967190
4253.429962 0.969356
4253.629954 1.082514
4253.829946 1.001755
4254.029938 1.040632
4254.229930 0.973814
4254.429922 1.035571
4254.629914 0.996586
4254.829906 0.932872
4255.029898 1.007585
4255.229890 0.997141
4255.429882 1.001274
4255.629874 1.055843
4255.829866 0.970964
4256.029858 1.050343
4256.229850 1.007891
4256.429842 1.003592
4256.629834 0.944056
4256.829826 0.966672
4257.029818 1.041179
4257.229810 0.941454
4257.429802 0.973741
4257.629794 1.101448
4257.829786 0.949661
4258.029778 0.978666
4258.229770 1.049462
4258.429762 1.043199
4258.629754 1.069486
4258.829746 1.005768
4259.029738 0.982341
4259.229730 1.042790
4259.429722 0.999180
4259.629714 1.017677
4259.829706 1.034509
4260.029698 1.040849
4260.229690 1.033066
4260.429682 1.056831
4260.629674 1.009176
4260.829666 1.028788
4261.029659 0.969758
4261.229651 0.954843
4261.429643 1.030225
4261.629635 1.004903
4261.829627 1.047945
4262.029619 1.038517
4262.229611 1.019285
4262.429603 1.049773
4262.629595 1.022990
4262.829587 1.022943
4263.029579 0.980083
4263.229571 0.960470
4263.429563 0.963805
4263.629555 1.024369
4263.829547 1.017953
4264.029539 0.990638
4264.229531 1.029395
4264.429523 0.981977
4264.629515 0.948549
4264.829507 1.029501
4265.029499 1.036539
4265.229491 1.088604
4265.429483 1.024959
4265.629475 0.970564
4265.829467 0.984387
4266.029459 1.001133
4266.229451 0.993630
4266.429443 0.959951
4266.629435 1.069479
4266.829427 0.999882
4267.029419 1.019612
4267.229411 1.002958
4267.429403 0.965916
4267.629395 1.014239
4267.829387 1.024602
4268.029379 0.955233
4268.229371 1.001933
4268.429363 0.993083
4268.629355 0.937712
4268.829347 0.961325
4269.029339 1.043455
4269.229331 1.036546
4269.429323 1.058562
4269.629315 1.005696
4269.829307 0.936531
4270.029299 1.016355
4270.229291 1.003808
4270.429283 0.999640
4270.629275 0.946048
4270.829267 0.959106
4271.029259 0.966758
4271.229251 1.008659
4271.429243 0.951509
4271.629235 1.038225
4271.829227 1.062076
4272.029219 1.021645
4272.229211 1.040701
4272.429203 1.031111
4272.629195 1.081183
4272.829187 1.022296
4273.029179 0.983304
4273.229171 1.033434
4273.429163 0.946425
4273.629155 1.032506
4273.829147 0.993160
4274.029139 1.002172
4274.229131 0.973973
4274.429123 1.034100
4274.629115 1.078261
4274.829107 1.016264
4275.029099 0.947835
4275.229091 0.956143
4275.429083 1.011493
4275.629075 1.009107
4275.829067 1.003936
4276.029059 1.053140
4276.229051 0.991476
4276.429043 0.981793
4276.629035 0.995123
4276.829027 1.013056
4277.029019 0.985962
4277.229011 1.079355
4277.429003 1.013567
4277.628995 1.024887
4277.828987 1.004365
4278.028979 0.998718
4278.228971 0.944093
4278.428963 0.955308
4278.628955 1.040271
4278.828947 1.070019
4279.028939 0.990576
4279.228931 1.054776
4279.428923 0.994656
4279.628915 1.020771
4279.828907 1.021144
4280.028899 1.045985
4280.228891 0.986335
4280.428883 0.901337
4280.628875 0.955430
4280.828867 0.989803
4281.028859 1.006372
4281.228851 0.952611
4281.428843 1.062186
4281.628835 1.090415
4281.828827 0.984078
4282.028819 1.037249
4282.228811 1.005572
4282.428803 0.996069
4282.628795 1.036938
4282.828787 1.024769
4283.028779 1.028256
4283.228771 1.031740
4283.428763 1.017200
4283.628755 0.986586
4283.828747 1.000426
4284.028739 1.014804
4284.228731 0.960688
4284.428723 1.020586
4284.628715 1.024018
4284.828707 1.008865
4285.028699 0.913176
4285.228691 0.943128
4285.428683 0.991264
4285.628675 1.065936
4285.828667 0.999514
4286.028659 1.003396
4286.228651 1.045196
4286.428643 1.011370
4286.628635 0.953758
4286.828627 0.974088
4287.028619 0.946344
4287.228611 0.950373
4287.428603 0.985053
4287.628595 1.023291
4287.828587 0.998599
4288.028579 1.008626
4288.228571 0.992889
4288.428563 1.013495
4288.628555 1.045502
4288.828547 0.945793
4289.028539 0.931312
4289.228531 1.007261
4289.428523 0.981312
4289.628515 0.996741
4289.828507 0.976427
4290.028499 1.017303
4290.228491 1.027824
4290.428483 1.079786
4290.628475 0.929301
4290.828467 1.027983
4291.028459 1.006532
4291.228451 1.034096
4291.428443 1.053251
4291.628435 1.012684
4291.828427 1.091011
4292.028419 0.981573
4292.228411 0.976647
4292.428403 1.024806
4292.628395 1.007296
4292.828387 0.956099
4293.028379 1.014246
4293.228371 1.001431
4293.428363 1.059686
4293.628355 1.010109
4293.828347 0.968630
4294.028339 1.005874
4294.228331 1.024101
4294.428323 1.044281
4294.628315 1.006812
4294.828307 0.979659
4295.028299 1.009751
4295.228291 1.003926
4295.428283 0.973323
4295.628275 0.959708
4295.828267 0.970343
4296.028259 1.008555
4296.228251 0.982296
4296.428243 1.017241
4296.628235 0.995422
4296.828227 0.951075
4297.028219 1.000207
4297.228211 0.978624
4297.428203 1.018757
4297.628195 0.917063
4297.828187 1.017811
4298.028179 1.050040
4298.228171 1.027176
4298.428163 0.985687
4298.628155 1.005363
4298.828147 0.960891
4299.028139 0.982865
4299.228131 1.018032
4299.428123 1.027663
4299.628115 0.998076
4299.828107 1.006156
4300.028099 0.988991
4300.228091 0.963452
4300.428083 1.014645
4300.628075 0.980166
4300.828067 1.020285
4301.028060 1.012082
4301.228052 0.971056
4301.428044 0.950256
4301.628036 0.968022
4301.828028 0.979139
4302.028020 1.006711
4302.228012 0.955221
4302.428004 1.018427
4302.627996 0.993418
4302.827988 0.966754
4303.027980 0.923829
4303.227972 0.960627
4303.427964 0.979844
4303.627956 1.006464
4303.827948 1.006102
4304.027940 0.985694
4304.227932 1.011269
4304.427924 1.015851
4304.627916 1.034081
4304.827908 0.975971
4305.027900 1.057381
4305.227892 1.031012
4305.427884 0.969437
4305.627876 0.975181
4305.827868 0.993804
4306.027860 1.023401
4306.227852 0.996541
4306.427844 0.979155
4306.627836 1.022608
4306.827828 1.040922
4307.027820 0.988100
4307.227812 1.028619
4307.427804 0.995148
4307.627796 1.049961
4307.827788 1.050156
4308.027780 1.020001
4308.227772 0.990102
4308.427764 0.985495
4308.627756 1.034788
4308.827748 1.018739
4309.027740 0.964734
4309.227732 0.965449
4309.427724 0.987194
4309.627716 1.038999
4309.827708 0.960402
4310.027700 1.000792
4310.227692 0.974178
4310.427684 0.996353
4310.627676 0.991554
4310.827668 0.987722
4311.027660 1.014990
4311.227652 0.984636
4311.427644 0.973920
4311.627636 0.982051
4311.827628 0.981715
4312.027620 0.994482
4312.227612 1.027634
4312.427604 1.048254
4312.627596 1.030799
4312.827588 1.053617
4313.027580 0.970143
4313.227572 0.952258
4313.427564 1.034499
4313.627556 1.050564
4313.827548 0.978182
4314.027540 0.953064
4314.227532 0.935028
4314.427524 1.020249
4314.627516 0.935341
4314.827508 1.073224
4315.027500 1.023093
4315.227492 0.988675
4315.427484 1.015035
4315.627476 0.989931
4315.827468 0.997623
4316.027460 1.039433
4316.227452 0.981607
4316.427444 0.941533
4316.627436 1.006984
4316.827428 0.981793
4317.027420 0.993113
4317.227412 1.008944
4317.427404 0.997971
4317.627396 0.952298
4317.827388 1.018061
4318.027380 1.008338
4318.227372 1.053649
4318.427364 0.921418
4318.627356 0.975270
4318.827348 1.044769
4319.027340 0.983528
4319.227332 1.008776
4319.427324 1.001122
4319.627316 0.991977
4319.827308 0.929437
4320.027300 0.922544
4320.227292 0.867933
4320.427284 0.993224
4320.627276 0.976543
4320.827268 1.039090
4321.027260 0.975871
4321.227252 0.999182
4321.427244 0.971580
4321.627236 0.980965
4321.827228 1.006629
4322.027220 0.995173
4322.227212 0.998890
4322.427204 0.982382
4322.627196 0.980838
4322.827188 1.067348
4323.027180 1.004096
4323.227172 0.971134
4323.427164 1.008072
4323.627156 1.016472
4323.827148 0.925672
4324.027140 0.985181
4324.227132 1.037840
4324.427124 0.995091
4324.627116 0.939463
4324.827108 1.024582
4325.027100 0.964819
4325.227092 1.007999
4325.427084 0.968129
4325.627076 0.967411
4325.827068 0.954368
4326.027060 1.007946
4326.227052 1.036224
4326.427044 1.015936
4326.627036 1.038902
4326.827028 0.984615
4327.027020 0.987894
4327.227012 0.988428
4327.427004 0.954859
4327.626996 0.968503
4327.826988 0.970278
4328.026980 0.987521
4328.226972 0.984957
4328.426964 0.967586
4328.626956 0.937160
4328.826948 0.958267
4329.026940 0.966566
4329.226932 0.990688
4329.426924 1.009729
4329.626916 0.924698
4329.826908 0.996713
4330.026900 0.944563
4330.226892 0.918712
4330.426884 0.946488
4330.626876 0.955055
4330.826868 0.950493
4331.026860 0.980325
4331.226852 0.980027
4331.426844 0.980201
4331.626836 0.965435
4331.826828 1.028352
4332.026820 0.912311
4332.226812 0.937904
4332.426804 0.916878
4332.626796 0.890146
4332.826788 0.921606
4333.026780 0.935136
4333.226772 0.907846
4333.426764 0.873050
4333.626756 0.872004
4333.826748 0.900044
4334.026740 0.908287
4334.226732 0.944209
4334.426724 0.863021
4334.626716 0.890599
4334.826708 0.921280
4335.026700 0.889333
4335.226692 0.869616
4335.426684 0.914478
4335.626676 0.889035
4335.826668 0.914138
4336.026660 0.915654
4336.226652 0.829030
4336.426644 0.883798
4336.626636 0.862643
4336.826628 0.820631
4337.026620 0.854003
4337.226612 0.902853
4337.426604 0.904239
4337.626596 0.898899
4337.826588 0.902605
4338.026580 0.834523
4338.226572 0.851992
4338.426564 0.841731
4338.626556 0.884213
4338.826548 0.826182
4339.026540 0.853900
4339.226532 0.752879
4339.426524 0.774559
4339.626516 0.783381
4339.826508 0.731702
4340.026500 0.763358
4340.226492 0.736799
4340.426484 0.747782
4340.626476 0.693643
4340.826468 0.779955
4341.026461 0.782520
4341.226453 0.733505
4341.426445 0.691224
4341.626437 0.694311
4341.826429 0.709050
4342.026421 0.674007
4342.226413 0.680909
4342.426405 0.736632
4342.626397 0.764279
4342.826389 0.810811
4343.026381 0.824879
4343.226373 0.776605
4343.426365 0.826887
4343.626357 0.692426
4343.826349 0.633756
4344.026341 0.670268
4344.226333 0.655923
4344.426325 0.679116
4344.626317 0.673520
4344.826309 0.634150
4345.026301 0.659633
4345.226293 0.726266
4345.426285 0.703292
4345.626277 0.742518
4345.826269 0.729883
4346.026261 0.694850
4346.226253 0.766933
4346.426245 0.771621
4346.626237 0.728520
4346.826229 0.781679
4347.026221 0.757644
4347.226213 0.784286
4347.426205 0.796550
4347.626197 0.798843
4347.826189 0.771884
4348.026181 0.784306
4348.226173 0.793386
4348.426165 0.873873
4348.626157 0.874884
4348.826149 0.905420
4349.026141 0.857081
4349.226133 0.776839
4349.426125 0.875279
4349.626117 0.856815
4349.826109 0.844267
4350.026101 0.820381
4350.226093 0.854595
4350.426085 0.824992
4350.626077 0.825193
4350.826069 0.803101
4351.026061 0.884869
4351.226053 0.890556
4351.426045 0.868482
4351.626037 0.932871
4351.826029 0.911156
4352.026021 0.890038
4352.226013 0.853204
4352.426005 0.992987
4352.625997 0.909555
4352.825989 0.850022
4353.025981 0.872981
4353.225973 0.937366
4353.425965 0.968003
4353.625957 0.936766
4353.825949 0.865087
4354.025941 0.948853
4354.225933 0.968611
4354.425925 0.983613
4354.625917 0.888916
4354.825909 0.913217
4355.025901 0.936452
4355.225893 0.920573
4355.425885 0.950117
4355.625877 0.936653
4355.825869 0.973552
4356.025861 0.994474
4356.225853 0.985325
4356.425845 0.929421
4356.625837 0.938375
4356.825829 0.962691
4357.025821 0.979847
4357.225813 0.983172
4357.425805 0.973041
4357.625797 0.923394
4357.825789 0.971685
4358.025781 0.951924
4358.225773 1.009269
4358.425765 1.027304
4358.625757 1.018302
4358.825749 0.946586
4359.025741 0.969327
4359.225733 0.930999
4359.425725 0.962200
4359.625717 1.016953
4359.825709 0.967050
4360.025701 0.997565
4360.225693 1.010463
4360.425685 0.947175
4360.625677 0.951136
4360.825669 0.944504
4361.025661 0.938140
4361.225653 0.970747
4361.425645 0.980851
4361.625637 1.040477
4361.825629 1.038725
4362.025621 0.963559
4362.225613 0.946547
4362.425605 1.013768
4362.625597 1.030663
4362.825589 0.969024
4363.025581 1.027372
4363.225573 0.994058
4363.425565 1.018655
4363.625557 1.025279
4363.825549 0.976500
4364.025541 0.999470
4364.225533 0.980961
4364.425525 0.997799
4364.625517 1.059597
4364.825509 0.959203
4365.025501 0.987214
4365.225493 1.067111
4365.425485 1.048446
4365.625477 0.992429
4365.825469 0.960212
4366.025461 0.984987
4366.225453 0.976034
4366.425445 0.992549
4366.625437 1.022866
4366.825429 0.999858
4367.025421 0.932293
4367.225413 1.015308
4367.425405 1.017646
4367.625397 0.915731
4367.825389 0.981740
4368.025381 0.936613
4368.225373 0.968252
4368.425365 0.989327
4368.625357 0.985216
4368.825349 0.980578
4369.025341 0.978578
4369.225333 0.988991
4369.425325 0.994680
4369.625317 1.024411
4369.825309 0.993699
4370.025301 1.028304
4370.225293 1.016567
4370.425285 1.014509
4370.625277 0.923476
4370.825269 0.998678
4371.025261 0.950761
4371.225253 1.038133
4371.425245 1.015511
4371.625237 0.999193
4371.825229 1.004126
4372.025221 0.957373
4372.225213 1.049786
4372.425205 1.020057
4372.625197 0.985516
4372.825189 0.970946
4373.025181 0.983633
4373.225173 0.963188
4373.425165 0.975608
4373.625157 1.006712
4373.825149 1.009507
4374.025141 1.018227
4374.225133 1.009002
4374.425125 1.006880
4374.625117 1.054015
4374.825109 0.995781
4375.025101 1.036504
4375.225093 1.034423
4375.425085 0.954456
4375.625077 0.995600
4375.825069 0.945076
4376.025061 0.955392
4376.225053 0.961386
4376.425045 0.974489
4376.625037 1.031987
4376.825029 1.058384
4377.025021 0.884014
4377.225013 0.954010
4377.425005 0.941410
4377.624997 1.005758
4377.824989 1.010888
4378.024981 0.996860
4378.224973 0.965168
4378.424965 1.017222
4378.624957 0.982768
4378.824949 1.055876
4379.024941 0.957714
4379.224933 0.970753
4379.424925 1.021278
4379.624917 1.006023
4379.824909 1.016495
4380.024901 1.023525
4380.224893 1.068860
4380.424885 1.040817
4380.624877 1.015313
4380.824869 0.977859
4381.024862 1.020402
4381.224854 0.971177
4381.424846 1.028142
4381.624838 1.034565
4381.824830 1.005580
4382.024822 1.030106
4382.224814 1.053082
4382.424806 0.955979
4382.624798 0.979769
4382.824790 1.022522
4383.024782 1.051615
4383.224774 1.002016
4383.424766 0.982906
4383.624758 1.028927
4383.824750 0.999407
4384.024742 1.020934
4384.224734 0.973738
4384.424726 0.984305
4384.624718 1.056678
4384.824710 0.944664
4385.024702 1.049730
4385.224694 1.079256
4385.424686 0.971864
4385.624678 0.952268
4385.824670 1.039763
4386.024662 0.970321
4386.224654 0.928883
4386.424646 0.957930
4386.624638 1.022969
4386.824630 1.046213
4387.024622 0.966946
4387.224614 1.008690
4387.424606 0.941068
4387.624598 1.008136
4387.824590 0.924324
4388.024582 0.982086
4388.224574 0.955092
4388.424566 0.897256
4388.624558 0.942928
4388.824550 0.925456
4389.024542 0.845802
4389.224534 0.949338
4389.424526 0.942556
4389.624518 0.917426
4389.824510 0.862122
4390.024502 0.908447
4390.224494 0.893219
4390.424486 0.940835
4390.624478 0.971904
4390.824470 0.936182
4391.024462 0.963827
4391.224454 0.935599
4391.424446 0.901736
4391.624438 0.952935
4391.824430 0.874062
4392.024422 1.012199
4392.224414 0.901667
4392.424406 0.929185
4392.624398 0.899252
4392.824390 0.886540
4393.024382 0.941557
4393.224374 0.897926
4393.424366 0.938933
4393.624358 0.882342
4393.824350 0.900198
4394.024342 0.925019
4394.224334 0.905726
4394.424326 0.930454
4394.624318 0.961244
4394.824310 0.967438
4395.024302 0.950477
4395.224294 0.878221
4395.424286 0.812543
4395.624278 0.916813
4395.824270 0.963853
4396.024262 0.949394
4396.224254 1.059711
4396.424246 0.967996
4396.624238 0.883278
4396.824230 0.966662
4397.024222 0.979014
4397.224214 1.023142
4397.424206 0.956745
4397.624198 0.950121
4397.824190 1.001942
4398.024182 0.979117
4398.224174 0.950856
4398.424166 1.024503
4398.624158 0.997345
4398.824150 0.985021
4399.024142 0.951336
4399.224134 1.016587
4399.424126 0.974504
4399.624118 0.984208
4399.824110 0.987902
4400.024102 1.063867
4400.224094 0.980214
4400.424086 1.030881
4400.624078 0.970597
4400.824070 1.000409
4401.024062 1.053661
4401.224054 1.030561
4401.424046 1.005082
4401.624038 0.984250
4401.824030 1.023274
4402.024022 0.973059
4402.224014 0.976943
4402.424006 0.962455
4402.623998 1.074702
4402.823990 0.991431
4403.023982 1.040669
4403.223974 1.005858
4403.423966 1.021693
4403.623958 1.048624
4403.823950 1.067132
4404.023942 0.985059
4404.223934 1.058567
4404.423926 1.045655
4404.623918 1.016714
4404.823910 0.977387
4405.023902 0.971183
4405.223894 0.986509
4405.423886 1.020717
4405.623878 1.041703
4405.823870 1.014096
4406.023862 1.037017
4406.223854 0.972049
4406.423846 1.016942
4406.623838 1.018402
4406.823830 1.009848
4407.023822 0.969903
4407.223814 1.057916
4407.423806 1.011560
4407.623798 1.025650
4407.823790 0.973929
4408.023782 1.032065
4408.223774 0.959445
4408.423766 0.993487
4408.623758 0.990961
4408.823750 0.994299
4409.023742 1.011462
4409.223734 0.991066
4409.423726 0.998696
4409.623718 0.982079
4409.823710 1.085635
4410.023702 0.999273
4410.223694 0.954626
4410.423686 0.958903
4410.623678 0.998389
4410.823670 1.014446
4411.023662 1.034337
4411.223654 1.007614
4411.423646 0.971566
4411.623638 0.998236
4411.823630 0.999614
4412.023622 1.018270
4412.223614 1.037727
4412.423606 1.055851
4412.623598 1.035128
4412.823590 1.008440
4413.023582 1.018641
4413.223574 1.011507
4413.423566 1.067977
4413.623558 1.053478
4413.823550 0.995688
4414.023542 0.984442
4414.223534 0.954996
4414.423526 0.986618
4414.623518 1.028755
4414.823510 1.033458
4415.023502 0.961579
4415.223494 0.990139
4415.423486 0.954212
4415.623478 0.959426
4415.823470 0.917758
4416.023462 0.991043
4416.223454 0.997829
4416.423446 1.018508
4416.623438 1.021118
4416.823430 0.910363
4417.023422 0.965924
4417.223414 0.997203
4417.423406 0.924981
4417.623398 0.941326
4417.823390 1.039919
4418.023382 0.972541
4418.223374 0.986837
4418.423366 0.997884
4418.623358 0.996501
4418.823350 0.997609
4419.023342 0.994922
4419.223334 0.952133
4419.423326 0.966931
4419.623318 1.009114
4419.823310 1.022859
4420.023302 1.030986
4420.223294 1.005191
4420.423286 0.980852
4420.623278 1.036401
4420.823270 1.011118
4421.023263 1.001966
4421.223255 0.994244
4421.423247 0.969420
4421.623239 1.004249
4421.823231 1.044206
4422.023223 0.973003
4422.223215 1.013314
4422.423207 1.044554
4422.623199 1.014777
4422.823191 1.008199
4423.023183 1.018707
4423.223175 1.007143
4423.423167 0.931876
4423.623159 1.040570
4423.823151 1.000774
4424.023143 0.962987
4424.223135 1.052866
4424.423127 0.985278
4424.623119 1.026304
4424.823111 0.959039
4425.023103 1.044018
4425.223095 1.051459
4425.423087 0.966791
4425.623079 1.018365
4425.823071 0.967977
4426.023063 1.060519
4426.223055 1.001217
4426.423047 0.992752
4426.623039 1.047957
4426.823031 1.062347
4427.023023 1.056012
4427.223015 0.999103
4427.423007 1.057985
4427.622999 1.036282
4427.822991 1.028070
4428.022983 0.961040
4428.222975 0.982505
4428.422967 1.027143
4428.622959 0.947091
4428.822951 1.008279
4429.022943 0.990495
4429.222935 1.014078
4429.422927 1.032773
4429.622919 1.030996
4429.822911 0.976999
4430.022903 1.067520
4430.222895 1.043739
4430.422887 0.900135
4430.622879 1.015574
4430.822871 1.028823
4431.022863 1.044386
4431.222855 1.002542
4431.422847 1.041952
4431.622839 1.004672
4431.822831 1.036538
4432.022823 1.004002
4432.222815 1.033039
4432.422807 1.022730
4432.622799 1.066240
4432.822791 1.030033
4433.022783 0.972937
4433.222775 1.052679
4433.422767 0.978524
4433.622759 0.999828
4433.822751 0.993230
4434.022743 1.100653
4434.222735 1.063169
4434.422727 0.995424
4434.622719 0.985488
4434.822711 1.126315
4435.022703 1.006238
4435.222695 1.013241
4435.422687 1.048547
4435.622679 0.970715
4435.822671 1.005828
4436.022663 0.988876
4436.222655 1.033539
4436.422647 1.022647
4436.622639 0.969328
4436.822631 1.000019
4437.022623 1.086596
4437.222615 1.009191
4437.422607 0.977498
4437.622599 0.952188
4437.822591 1.022644
4438.022583 1.047297
4438.222575 1.001714
4438.422567 0.981485
4438.622559 1.015504
4438.822551 0.973019
4439.022543 0.993856
4439.222535 1.042542
4439.422527 1.019580
4439.622519 1.003159
4439.822511 0.994401
4440.022503 1.000288
4440.222495 1.019709
4440.422487 0.984690
4440.622479 1.002260
4440.822471 1.021950
4441.022463 1.018677
4441.222455 1.069331
4441.422447 0.996402
4441.622439 0.958402
4441.822431 1.003106
4442.022423 1.014174
4442.222415 0.991980
4442.422407 1.024098
4442.622399 1.000237
4442.822391 1.010035
4443.022383 0.953287
4443.222375 0.964953
4443.422367 1.011810
4443.622359 1.030249
4443.822351 1.007858
4444.022343 1.032455
4444.222335 1.010498
4444.422327 1.005066
4444.622319 1.038878
4444.822311 1.048068
4445.022303 0.993328
4445.222295 0.957619
4445.422287 1.054513
4445.622279 1.029432
4445.822271 0.958603
4446.022263 1.040233
4446.222255 1.026339
4446.422247 1.053653
4446.622239 1.053306
4446.822231 1.014085
4447.022223 0.984909
4447.222215 1.007042
4447.422207 0.981788
4447.622199 0.906969
4447.822191 0.994377
4448.022183 1.037843
4448.222175 1.021713
4448.422167 0.967083
4448.622159 0.976621
4448.822151 0.999623
4449.022143 0.927054
4449.222135 0.935416
4449.422127 0.939026
4449.622119 1.016717
4449.822111 0.962319
4450.022103 0.985079
4450.222095 0.955066
4450.422087 1.049943
4450.622079 0.964434
4450.822071 0.988112
4451.022063 1.000855
4451.222055 1.127959
4451.422047 0.957904
4451.622039 1.013777
4451.822031 1.011319
4452.022023 1.064889
4452.222015 1.005541
4452.422007 1.052331
4452.621999 0.974655
4452.821991 0.923163
4453.021983 1.082230
4453.221975 1.024884
4453.421967 1.021885
4453.621959 1.027434
4453.821951 0.974990
4454.021943 1.034969
4454.221935 1.040707
4454.421927 1.000429
4454.621919 1.085121
4454.821911 0.969833
4455.021903 1.041613
4455.221895 0.992069
4455.421887 1.029062
4455.621879 0.971998
4455.821871 1.009873
4456.021863 0.999384
4456.221855 0.959453
4456.421847 1.034862
4456.621839 0.995285
4456.821831 0.949158
4457.021823 1.006752
4457.221815 1.050450
4457.421807 1.008886
4457.621799 0.971407
4457.821791 0.999154
4458.021783 1.046656
4458.221775 1.060313
4458.421767 1.009024
4458.621759 1.068675
4458.821751 1.015477
4459.021743 1.037459
4459.221735 1.033020
4459.421727 1.053645
4459.621719 1.010450
4459.821711 1.033569
4460.021703 1.016044
4460.221695 1.035602
4460.421687 1.057342
4460.621679 1.052639
4460.821671 0.962034
4461.021664 1.011832
4461.221656 1.005995
4461.421648 0.989550
4461.621640 0.985430
4461.821632 1.056560
4462.021624 0.953445
4462.221616 1.018560
4462.421608 0.997382
4462.621600 0.961632
4462.821592 1.015528
4463.021584 1.008378
4463.221576 0.982749
4463.421568 1.023249
4463.621560 1.020640
4463.821552 1.005490
4464.021544 1.035953
4464.221536 1.046508
4464.421528 0.980325
4464.621520 1.060863
4464.821512 1.007547
4465.021504 1.045297
4465.221496 1.060052
4465.421488 0.980080
4465.621480 1.018560
4465.821472 0.967396
4466.021464 1.029224
4466.221456 0.954432
4466.421448 0.970294
4466.621440 1.033852
4466.821432 1.028188
4467.021424 0.989132
4467.221416 0.975126
4467.421408 1.039647
4467.621400 1.030235
4467.821392 1.031602
4468.021384 0.932898
4468.221376 0.924623
4468.421368 1.043369
4468.621360 1.060704
4468.821352 1.009802
4469.021344 0.998893
4469.221336 1.030788
4469.421328 1.007054
4469.621320 0.889784
4469.821312 0.998084
4470.021304 0.904614
4470.221296 0.949280
4470.421288 0.956199
4470.621280 0.946790
4470.821272 0.948321
4471.021264 1.010087
4471.221256 0.997205
4471.421248 0.959646
4471.621240 0.918535
4471.821232 0.899503
4472.021224 0.924526
4472.221216 0.946848
4472.421208 0.874715
4472.621200 0.940850
4472.821192 0.873201
4473.021184 0.881873
4473.221176 0.938402
4473.421168 0.907962
4473.621160 0.925352
4473.821152 0.943542
4474.021144 0.928078
4474.221136 0.849392
4474.421128 0.951567
4474.621120 0.906813
4474.821112 0.936317
4475.021104 0.925760
4475.221096 1.035422
4475.421088 0.996093
4475.621080 0.890168
4475.821072 0.879273
4476.021064 0.857267
4476.221056 0.900107
4476.421048 0.888183
4476.621040 0.920555
4476.821032 0.935239
4477.021024 0.916653
4477.221016 0.913424
4477.421008 0.917703
4477.621000 0.838753
4477.820992 0.891518
4478.020984 0.906838
4478.220976 0.944676
4478.420968 1.068397
4478.620960 0.921560
4478.820952 0.990738
4479.020944 0.947753
4479.220936 1.029388
4479.420928 1.003915
4479.620920 0.966514
4479.820912 0.996844
4480.020904 0.966962
4480.220896 0.976296
4480.420888 0.951387
4480.620880 1.038823
4480.820872 1.098970
4481.020864 0.902478
4481.220856 0.974042
4481.420848 0.998246
4481.620840 0.985208
4481.820832 1.013543
4482.020824 1.052340
4482.220816 1.010793
4482.420808 1.015188
4482.620800 1.101978
4482.820792 0.956831
4483.020784 1.036771
4483.220776 0.969612
4483.420768 1.026770
4483.620760 1.036225
4483.820752 1.006966
4484.020744 1.032630
4484.220736 1.033726
4484.420728 1.031335
4484.620720 1.018209
4484.820712 0.965370
4485.020704 0.952093
4485.220696 1.010775
4485.420688 0.971773
4485.620680 0.981961
4485.820672 1.017117
4486.020664 1.003386
4486.220656 0.942052
4486.420648 0.981985
4486.620640 1.016143
4486.820632 0.969713
4487.020624 1.047691
4487.220616 0.996366
4487.420608 1.027499
4487.620600 1.074884
4487.820592 0.961303
4488.020584 0.996382
4488.220576 1.041964
4488.420568 0.970986
4488.620560 1.058383
4488.820552 1.031346
4489.020544 1.028357
4489.220536 0.970739
4489.420528 1.019828
4489.620520 1.003716
4489.820512 1.019638
4490.020504 0.953317
4490.220496 0.975650
4490.420488 1.074032
4490.620480 0.962457
4490.820472 1.048602
4491.020464 0.995075
4491.220456 0.992106
4491.420448 0.940641
4491.620440 1.003465
4491.820432 1.002973
4492.020424 1.038267
4492.220416 1.047259
4492.420408 1.035363
4492.620400 1.064760
4492.820392 1.002774
4493.020384 1.028474
4493.220376 1.018370
4493.420368 1.033617
4493.620360 0.947106
4493.820352 1.020862
4494.020344 1.018511
4494.220336 1.019350
4494.420328 1.012030
4494.620320 1.050573
4494.820312 0.982583
4495.020304 0.963134
4495.220296 1.026928
4495.420288 1.042103
4495.620280 1.019684
4495.820272 0.985987
4496.020264 1.027293
4496.220256 1.043136
4496.420248 1.018086
4496.620240 1.043179
4496.820232 1.021036
4497.020224 1.013332
4497.220216 0.987675
4497.420208 1.042841
4497.620200 1.022674
4497.820192 1.049274
4498.020184 1.018057
4498.220176 1.104169
4498.420168 1.050461
4498.620160 1.092680
4498.820152 1.055094
4499.020144 0.965307
4499.220136 1.072029
4499.420128 0.984252
4499.620120 1.004367
4499.820112 0.983839
4500.020104 1.015397
4500.220096 1.130832
4500.420088 1.035208
4500.620080 0.986190
4500.820072 1.146246
4501.020065 1.029772
4501.220057 1.040255
4501.420049 1.050693
4501.620041 1.096940
4501.820033 0.998943
4502.020025 1.069572
4502.220017 1.058498
4502.420009 1.032655
4502.620001 1.014539
4502.819993 0.955342
4503.019985 0.990259
4503.219977 0.978790
4503.419969 1.009096
4503.619961 1.006649
4503.819953 1.063676
4504.019945 1.011021
4504.219937 1.049208
4504.419929 1.025747
4504.619921 1.045761
4504.819913 0.957016
4505.019905 1.040940
4505.219897 0.967660
4505.419889 1.019220
4505.619881 1.045935
4505.819873 0.998604
4506.019865 1.054707
4506.219857 0.968629
4506.419849 1.065951
4506.619841 1.018766
4506.819833 1.122779
4507.019825 1.033620
4507.219817 1.064870
4507.419809 1.053540
4507.619801 1.054025
4507.819793 1.035541
4508.019785 1.022700
4508.219777 1.024155
4508.419769 1.059366
4508.619761 1.008553
4508.819753 0.926778
4509.019745 1.017588
4509.219737 1.010203
4509.419729 1.015232
4509.619721 1.001487
4509.819713 1.002073
4510.019705 0.995148
4510.219697 0.977290
4510.419689 1.011827
4510.619681 1.021487
4510.819673 0.983507
4511.019665 1.012583
4511.219657 1.047479
4511.419649 0.929940
4511.619641 1.020260
4511.819633 1.018344
4512.019625 0.964264
4512.219617 1.048262
4512.419609 0.973375
4512.619601 1.030578
4512.819593 0.989679
4513.019585 1.050816
4513.219577 1.026698
4513.419569 1.006808
4513.619561 1.029890
4513.819553 1.006879
4514.019545 0.977111
4514.219537 1.034196
4514.419529 1.007691
4514.619521 1.055764
4514.819513 0.988114
4515.019505 1.037508
4515.219497 1.031375
4515.419489 1.083416
4515.619481 1.067304
4515.819473 1.009272
4516.019465 1.080088
4516.219457 1.039689
4516.419449 0.970019
4516.619441 1.122586
4516.819433 1.045113
4517.019425 1.099096
4517.219417 0.959850
4517.419409 0.986022
4517.619401 0.968259
4517.819393 1.027592
4518.019385 0.977252
4518.219377 1.016638
4518.419369 1.033657
4518.619361 1.039759
4518.819353 1.053869
4519.019345 1.025601
4519.219337 0.977116
4519.419329 1.036663
4519.619321 0.972300
4519.819313 1.064390
4520.019305 0.971959
4520.219297 1.013995
4520.419289 1.011419
4520.619281 0.984305
4520.819273 1.017332
4521.019265 1.045213
4521.219257 1.066972
4521.419249 1.009272
4521.619241 1.030621
4521.819233 1.012015
4522.019225 0.996080
4522.219217 1.000784
4522.419209 1.027944
4522.619201 0.989221
4522.819193 1.041473
4523.019185 1.042873
4523.219177 0.989208
4523.419169 1.040699
4523.619161 1.019688
4523.819153 1.045985
4524.019145 0.998233
4524.219137 1.071125
4524.419129 1.041770
4524.619121 0.988109
4524.819113 1.014539
4525.019105 1.010270
4525.219097 1.019878
4525.419089 1.010501
4525.619081 1.011543
4525.819073 0.960265
4526.019065 1.004207
4526.219057 0.992205
4526.419049 0.924314
4526.619041 1.003326
4526.819033 1.027906
4527.019025 0.960442
4527.219017 0.986949
4527.419009 1.082147
4527.619001 0.984037
4527.818993 1.011814
4528.018985 1.000053
4528.218977 1.002807
4528.418969 1.037805
4528.618961 0.998552
4528.818953 1.000315
4529.018945 1.043840
4529.218937 1.006322
4529.418929 1.010257
4529.618921 0.998213
4529.818913 1.050703
4530.018905 1.028332
4530.218897 1.018293
4530.418889 0.933481
4530.618881 1.014614
4530.818873 0.980148
4531.018865 1.004418
4531.218857 1.086027
4531.418849 1.076771
4531.618841 1.037354
4531.818833 1.054380
4532.018825 1.047546
4532.218817 1.045602
4532.418809 1.028250
4532.618801 1.023145
4532.818793 1.046805
4533.018785 1.002701
4533.218777 1.045542
4533.418769 1.016837
4533.618761 0.981373
4533.818753 1.001748
4534.018745 1.005051
4534.218737 1.043850
4534.418729 0.979980
4534.618721 0.999167
4534.818713 1.025108
4535.018705 0.984171
4535.218697 1.055580
4535.418689 1.017769
4535.618681 1.016983
4535.818673 0.942695
4536.018665 0.983917
4536.218657 1.005221
4536.418649 1.043313
4536.618641 1.028581
4536.818633 0.978887
4537.018625 1.005409
4537.218617 0.975297
4537.418609 1.031633
4537.618601 0.984283
4537.818593 1.090740
4538.018585 1.008906
4538.218577 1.043048
4538.418569 0.984600
4538.618561 0.956461
4538.818553 1.005444
4539.018545 1.031219
4539.218537 0.979593
4539.418529 1.114195
4539.618521 0.969562
4539.818513 0.978366
4540.018505 1.019691
4540.218497 1.045361
4540.418489 0.999388
4540.618481 1.015090
4540.818473 0.948025
4541.018466 1.053120
4541.218458 1.039654
4541.418450 1.013788
4541.618442 1.027170
4541.818434 1.086061
4542.018426 0.987611
4542.218418 1.038961
4542.418410 1.056626
4542.618402 1.032670
4542.818394 1.091005
4543.018386 1.015299
4543.218378 0.959586
4543.418370 1.095455
4543.618362 1.009007
4543.818354 1.031986
4544.018346 1.007319
4544.218338 1.017514
4544.418330 1.011083
4544.618322 1.064184
4544.818314 1.063387
4545.018306 1.035493
4545.218298 1.009133
4545.418290 1.055378
4545.618282 1.028102
4545.818274 0.958072
4546.018266 0.983490
4546.218258 1.052143
4546.418250 1.041329
4546.618242 0.997337
4546.818234 1.017908
4547.018226 0.939359
4547.218218 0.960806
4547.418210 1.012083
4547.618202 0.967188
4547.818194 1.019538
4548.018186 0.958152
4548.218178 0.976341
4548.418170 1.017000
4548.618162 0.922077
4548.818154 1.000881
4549.018146 1.028679
4549.218138 1.019955
4549.418130 1.012893
4549.618122 1.006898
4549.818114 0.979456
4550.018106 0.987806
4550.218098 1.048634
4550.418090 1.003194
4550.618082 0.974118
4550.818074 0.991608
4551.018066 0.971404
4551.218058 1.068160
4551.418050 1.103583
4551.618042 0.964761
4551.818034 0.911192
4552.018026 0.955529
4552.218018 0.966181
4552.418010 0.973465
4552.618002 1.051929
4552.817994 0.970414
4553.017986 1.016377
4553.217978 0.966721
4553.417970 1.010520
4553.617962 0.962593
4553.817954 0.944896
4554.017946 0.930919
4554.217938 1.018921
4554.417930 0.953783
4554.617922 0.939425
4554.817914 1.026348
4555.017906 0.937759
4555.217898 0.988639
4555.417890 1.020117
4555.617882 0.982151
4555.817874 0.953614
4556.017866 0.971235
4556.217858 1.021357
4556.417850 1.029719
4556.617842 0.995122
4556.817834 0.972336
4557.017826 1.058698
4557.217818 0.966799
4557.417810 0.976551
4557.617802 0.940566
4557.817794 0.985328
4558.017786 0.906711
4558.217778 1.001522
4558.417770 0.995803
4558.617762 1.008459
4558.817754 0.979943
4559.017746 0.856161
4559.217738 0.930933
4559.417730 0.968297
4559.617722 0.880291
4559.817714 0.947497
4560.017706 0.937852
4560.217698 0.910966
4560.417690 1.020241
4560.617682 1.020134
4560.817674 1.048898
4561.017666 1.062161
4561.217658 0.980681
4561.417650 1.049243
4561.617642 0.909784
4561.817634 0.922910
4562.017626 0.967065
4562.217618 0.941195
4562.417610 0.967437
4562.617602 1.016047
4562.817594 1.039374
4563.017586 1.035547
4563.217578 0.953519
4563.417570 1.104049
4563.617562 0.947432
4563.817554 0.904137
4564.017546 0.966614
4564.217538 0.933074
4564.417530 0.958429
4564.617522 1.016973
4564.817514 1.017043
4565.017506 0.997408
4565.217498 0.867481
4565.417490 0.983155
4565.617482 1.026533
4565.817474 1.067965
4566.017466 1.066524
4566.217458 0.976401
4566.417450 0.910719
4566.617442 -0.296192
4566.817434 -0.287023
4567.017426 -0.259996
4567.217418 -0.282218
4567.417410 -0.277289
4567.617402 -0.272074
4567.817394 -0.269348
4568.017386 -0.228450
4568.217378 -0.256803
4568.417370 -0.236454
4568.617362 -0.224563
4568.817354 -0.000002
4569.017346 0.000001
4569.217338 -0.000000
4569.417330 0.000000
4569.617322 -0.000000
4569.817314 0.000000
4570.017306 -0.000000
4570.217298 0.000000
4570.417290 -0.000000
4570.617282 0.000000
4570.817274 -0.000000
