3959.873325 0.985727
3960.073319 1.125856
3960.273313 0.988809
3960.473306 1.083588
3960.673300 0.985156
3960.873293 0.966827
3961.073287 1.081722
3961.273281 0.963076
3961.473274 1.033234
3961.673268 1.120636
3961.873261 1.096379
3962.073255 0.928615
3962.273249 1.101196
3962.473242 0.937555
3962.673236 0.930452
3962.873229 0.959335
3963.073223 0.967352
3963.273217 1.003580
3963.473210 0.949125
3963.673204 1.002122
3963.873197 0.926647
3964.073191 0.930912
3964.273185 1.045094
3964.473178 0.835123
3964.673172 1.011291
3964.873165 0.970290
3965.073159 0.922527
3965.273153 0.972651
3965.473146 0.955419
3965.673140 0.896003
3965.873133 0.867275
3966.073127 0.898807
3966.273121 0.829859
3966.473114 0.835786
3966.673108 0.845896
3966.873101 0.846095
3967.073095 0.824633
3967.273089 0.944233
3967.473082 0.909466
3967.673076 0.810811
3967.873069 0.808778
3968.073063 0.752843
3968.273057 0.835485
3968.473050 0.862610
3968.673044 0.825558
3968.873037 0.812874
3969.073031 0.821834
3969.273025 0.782908
3969.473018 0.893303
3969.673012 0.775927
3969.873006 0.699587
3970.072999 0.707949
3970.272993 0.723201
3970.472986 0.604614
3970.672980 0.661055
3970.872974 0.662919
3971.072967 0.643705
3971.272961 0.617879
3971.472954 0.580783
3971.672948 0.671945
3971.872942 0.812870
3972.072935 0.664731
3972.272929 0.698373
3972.472922 0.680341
3972.672916 0.682821
3972.872910 0.778115
3973.072903 0.631137
3973.272897 0.712838
3973.472890 0.676346
3973.672884 0.685648
3973.872878 0.683243
3974.072871 0.693214
3974.272865 0.671755
3974.472858 0.667493
3974.672852 0.887945
3974.872846 0.809293
3975.072839 0.750955
3975.272833 0.789963
3975.472826 0.707412
3975.672820 0.864416
3975.872814 0.925526
3976.072807 0.877027
3976.272801 1.006607
3976.472794 0.849454
3976.672788 0.766415
3976.872782 0.894092
3977.072775 0.897734
3977.272769 0.827156
3977.472762 0.924456
3977.672756 0.847779
3977.872750 0.973761
3978.072743 1.003155
3978.272737 0.960660
3978.472730 0.898453
3978.672724 0.835184
3978.872718 0.883791
3979.072711 0.939409
3979.272705 1.094185
3979.472698 0.987313
3979.672692 1.006422
3979.872686 0.878389
3980.072679 0.948425
3980.272673 0.917152
3980.472666 0.919281
3980.672660 0.904283
3980.872654 0.961066
3981.072647 1.021161
3981.272641 1.042931
3981.472634 0.837944
3981.672628 1.040976
3981.872622 0.997937
3982.072615 1.023472
3982.272609 0.900987
3982.472602 0.988868
3982.672596 1.006084
3982.872590 1.126310
3983.072583 1.052653
3983.272577 0.934713
3983.472570 0.850725
3983.672564 1.009311
3983.872558 1.077468
3984.072551 1.022851
3984.272545 0.948536
3984.472538 1.040195
3984.672532 1.040488
3984.872526 1.069116
3985.072519 0.981883
3985.272513 0.973481
3985.472506 0.957699
3985.672500 0.972205
3985.872494 1.042111
3986.072487 0.999036
3986.272481 1.049421
3986.472475 1.024688
3986.672468 1.005277
3986.872462 1.007403
3987.072455 1.090954
3987.272449 0.964618
3987.472443 1.071918
3987.672436 1.017317
3987.872430 1.073829
3988.072423 1.070460
3988.272417 0.983772
3988.472411 0.998245
3988.672404 1.060411
3988.872398 1.018360
3989.072391 1.011668
3989.272385 1.043472
3989.472379 1.055515
3989.672372 1.087931
3989.872366 0.968527
3990.072359 0.970327
3990.272353 1.014134
3990.472347 1.033512
3990.672340 0.992155
3990.872334 0.986751
3991.072327 1.074392
3991.272321 1.086756
3991.472315 1.060824
3991.672308 1.103185
3991.872302 1.077778
3992.072295 1.023199
3992.272289 1.039358
3992.472283 1.116042
3992.672276 1.056905
3992.872270 1.011145
3993.072263 0.999828
3993.272257 1.094367
3993.472251 1.044056
3993.672244 1.058087
3993.872238 1.024465
3994.072231 1.017004
3994.272225 1.020976
3994.472219 1.043679
3994.672212 1.008378
3994.872206 1.012789
3995.072199 1.057843
3995.272193 1.014126
3995.472187 0.946525
3995.672180 1.060932
3995.872174 1.050555
3996.072167 1.083259
3996.272161 1.065975
3996.472155 1.036346
3996.672148 0.985726
3996.872142 1.121010
3997.072135 1.086378
3997.272129 1.062399
3997.472123 1.043435
3997.672116 1.037507
3997.872110 0.991326
3998.072103 1.048205
3998.272097 1.046057
3998.472091 1.036643
3998.672084 1.079204
3998.872078 1.050886
3999.072071 1.088200
3999.272065 1.124883
3999.472059 1.015065
3999.672052 1.080035
3999.872046 1.032265
4000.072039 1.019664
4000.272033 1.074357
4000.472027 1.088764
4000.672020 1.080740
4000.872014 1.057340
4001.072007 1.072966
4001.272001 1.038938
4001.471995 0.977714
4001.671988 1.109891
4001.871982 1.111826
4002.071975 1.074229
4002.271969 1.028257
4002.471963 0.941111
4002.671956 0.967506
4002.871950 0.956481
4003.071943 1.045291
4003.271937 0.895648
4003.471931 1.068909
4003.671924 1.082273
4003.871918 0.979021
4004.071912 0.984820
4004.271905 1.095399
4004.471899 0.995498
4004.671892 0.993430
4004.871886 1.001978
4005.071880 1.029574
4005.271873 0.993427
4005.471867 1.023990
4005.671860 0.968122
4005.871854 1.107119
4006.071848 1.020512
4006.271841 1.074851
4006.471835 1.098405
4006.671828 1.054478
4006.871822 1.127057
4007.071816 1.021382
4007.271809 1.019464
4007.471803 0.970582
4007.671796 0.993911
4007.871790 0.951258
4008.071784 0.960760
4008.271777 1.008954
4008.471771 0.990859
4008.671764 0.980627
4008.871758 0.986853
4009.071752 1.010296
4009.271745 0.984559
4009.471739 1.007438
4009.671732 0.973225
4009.871726 0.893093
4010.071720 0.993882
4010.271713 1.019054
4010.471707 0.940261
4010.671700 0.899467
4010.871694 0.933355
4011.071688 0.800967
4011.271681 0.977251
4011.471675 1.028750
4011.671668 0.989660
4011.871662 0.982763
4012.071656 0.968412
4012.271649 0.870565
4012.471643 0.839103
4012.671636 0.914293
4012.871630 0.875807
4013.071624 1.005037
4013.271617 0.984928
4013.471611 1.051752
4013.671604 0.973865
4013.871598 0.984187
4014.071592 0.957247
4014.271585 0.971202
4014.471579 0.905997
4014.671572 1.054910
4014.871566 1.033509
4015.071560 0.968014
4015.271553 1.022740
4015.471547 0.997943
4015.671540 0.981761
4015.871534 0.961339
4016.071528 1.020118
4016.271521 1.016794
4016.471515 1.117019
4016.671508 1.054500
4016.871502 1.045825
4017.071496 1.048425
4017.271489 1.070371
4017.471483 1.055489
4017.671476 1.081461
4017.871470 1.117089
4018.071464 1.004836
4018.271457 0.952468
4018.471451 1.008562
4018.671444 1.083729
4018.871438 1.111242
4019.071432 1.020482
4019.271425 0.979389
4019.471419 1.008720
4019.671412 1.103479
4019.871406 0.927507
4020.071400 1.028619
4020.271393 0.969664
4020.471387 1.044872
4020.671380 1.020298
4020.871374 1.103325
4021.071368 1.073809
4021.271361 1.000959
4021.471355 1.002901
4021.671349 1.061306
4021.871342 1.007939
4022.071336 0.971981
4022.271329 0.970003
4022.471323 1.027665
4022.671317 1.021255
4022.871310 1.008562
4023.071304 0.950209
4023.271297 1.023987
4023.471291 0.946020
4023.671285 1.107143
4023.871278 1.079542
4024.071272 0.945956
4024.271265 1.103915
4024.471259 1.023743
4024.671253 0.996178
4024.871246 1.047888
4025.071240 0.921163
4025.271233 0.976305
4025.471227 0.947440
4025.671221 0.935872
4025.871214 1.007764
4026.071208 0.957662
4026.271201 0.949171
4026.471195 0.980576
4026.671189 0.938131
4026.871182 0.934302
4027.071176 0.897341
4027.271169 0.776365
4027.471163 0.747897
4027.671157 0.742312
4027.871150 0.821585
4028.071144 0.855577
4028.271137 0.806713
4028.471131 0.879857
4028.671125 0.744161
4028.871118 0.756858
4029.071112 0.784918
4029.271105 0.875422
4029.471099 0.904735
4029.671093 0.888745
4029.871086 0.798823
4030.071080 0.868138
4030.271073 0.800911
4030.471067 0.912383
4030.671061 0.917414
4030.871054 0.870715
4031.071048 0.983791
4031.271041 0.899198
4031.471035 0.945563
4031.671029 0.899682
4031.871022 1.002303
4032.071016 1.033662
4032.271009 1.002717
4032.471003 0.918426
4032.670997 0.992565
4032.870990 1.058719
4033.070984 1.032735
4033.270977 0.985308
4033.470971 1.029964
4033.670965 0.987026
4033.870958 1.002442
4034.070952 1.004290
4034.270945 1.003981
4034.470939 1.019428
4034.670933 1.015771
4034.870926 0.941675
4035.070920 0.973830
4035.270913 1.012050
4035.470907 1.035393
4035.670901 1.097601
4035.870894 1.006427
4036.070888 0.998373
4036.270881 1.111928
4036.470875 1.013451
4036.670869 1.104566
4036.870862 0.966670
4037.070856 0.918643
4037.270849 0.932231
4037.470843 1.100089
4037.670837 0.995588
4037.870830 1.110047
4038.070824 1.060516
4038.270817 1.042825
4038.470811 1.090312
4038.670805 1.044243
4038.870798 0.999522
4039.070792 1.019621
4039.270786 1.000442
4039.470779 1.006042
4039.670773 0.992891
4039.870766 1.011932
4040.070760 0.967366
4040.270754 0.967437
4040.470747 1.050650
4040.670741 1.063965
4040.870734 1.021315
4041.070728 0.987686
4041.270722 1.025623
4041.470715 1.087591
4041.670709 1.083166
4041.870702 1.066299
4042.070696 0.963911
4042.270690 1.003891
4042.470683 1.014836
4042.670677 1.082799
4042.870670 1.022332
4043.070664 1.060654
4043.270658 1.078355
4043.470651 0.992028
4043.670645 1.048196
4043.870638 1.050688
4044.070632 1.132911
4044.270626 0.997357
4044.470619 1.008696
4044.670613 1.013587
4044.870606 1.076649
4045.070600 1.060150
4045.270594 1.069018
4045.470587 1.021322
4045.670581 1.033812
4045.870574 1.087533
4046.070568 0.972683
4046.270562 1.011726
4046.470555 0.991632
4046.670549 0.937807
4046.870542 0.962822
4047.070536 0.996251
4047.270530 1.003702
4047.470523 0.964992
4047.670517 1.100912
4047.870510 1.003950
4048.070504 0.952829
4048.270498 0.971334
4048.470491 0.995264
4048.670485 0.979660
4048.870478 1.007751
4049.070472 0.967062
4049.270466 1.023811
4049.470459 1.005370
4049.670453 1.085066
4049.870446 1.109230
4050.070440 1.034654
4050.270434 1.036188
4050.470427 1.029024
4050.670421 0.927276
4050.870414 1.023428
4051.070408 1.060408
4051.270402 0.997814
4051.470395 1.024871
4051.670389 0.981805
4051.870382 1.081426
4052.070376 1.081661
4052.270370 1.052575
4052.470363 1.052574
4052.670357 1.028763
4052.870350 0.972367
4053.070344 1.036485
4053.270338 0.948542
4053.470331 0.915309
4053.670325 1.064600
4053.870318 0.994459
4054.070312 0.897551
4054.270306 0.916234
4054.470299 1.063438
4054.670293 1.061013
4054.870286 1.077761
4055.070280 1.056177
4055.270274 0.975496
4055.470267 1.009863
4055.670261 1.009401
4055.870254 1.094977
4056.070248 0.996108
4056.270242 1.001172
4056.470235 1.020014
4056.670229 1.096909
4056.870223 1.001876
4057.070216 0.978440
4057.270210 0.961510
4057.470203 1.048334
4057.670197 1.034235
4057.870191 0.994059
4058.070184 1.081500
4058.270178 1.014725
4058.470171 1.026423
4058.670165 1.101568
4058.870159 1.086501
4059.070152 1.025758
4059.270146 1.041058
4059.470139 0.991501
4059.670133 0.903618
4059.870127 0.960707
4060.070120 1.020336
4060.270114 1.062979
4060.470107 1.008488
4060.670101 1.035354
4060.870095 1.025595
4061.070088 1.044819
4061.270082 0.988849
4061.470075 1.020371
4061.670069 1.047071
4061.870063 0.994730
4062.070056 1.072209
4062.270050 1.004363
4062.470043 0.956786
4062.670037 0.990454
4062.870031 1.065136
4063.070024 0.995238
4063.270018 1.032726
4063.470011 1.099630
4063.670005 0.968430
4063.869999 1.007431
4064.069992 1.026917
4064.269986 1.078370
4064.469979 1.079674
4064.669973 0.979895
4064.869967 0.972502
4065.069960 0.995174
4065.269954 1.009090
4065.469947 0.992572
4065.669941 0.941621
4065.869935 0.972251
4066.069928 0.943029
4066.269922 1.019398
4066.469915 1.036432
4066.669909 1.034143
4066.869903 1.041707
4067.069896 1.001570
4067.269890 1.075694
4067.469883 1.049308
4067.669877 0.991312
4067.869871 0.953373
4068.069864 1.051031
4068.269858 0.998289
4068.469851 1.018154
4068.669845 0.970302
4068.869839 1.050572
4069.069832 1.056339
4069.269826 1.029571
4069.469819 0.989174
4069.669813 0.911755
4069.869807 1.018939
4070.069800 1.018742
4070.269794 1.060174
4070.469787 0.993775
4070.669781 0.959328
4070.869775 1.034043
4071.069768 0.940124
4071.269762 0.944978
4071.469755 0.899155
4071.669749 0.917928
4071.869743 1.050146
4072.069736 0.912119
4072.269730 0.916998
4072.469723 0.977319
4072.669717 0.972566
4072.869711 0.927999
4073.069704 0.988062
4073.269698 0.959479
4073.469691 0.948244
4073.669685 0.991411
4073.869679 0.991841
4074.069672 1.007552
4074.269666 0.963779
4074.469660 0.969743
4074.669653 1.036621
4074.869647 0.923198
4075.069640 1.015464
4075.269634 0.979968
4075.469628 1.038709
4075.669621 0.962063
4075.869615 0.966335
4076.069608 1.107458
4076.269602 1.059428
4076.469596 1.009617
4076.669589 0.931991
4076.869583 0.961684
4077.069576 1.009197
4077.269570 1.012364
4077.469564 0.995691
4077.669557 0.974321
4077.869551 0.994774
4078.069544 1.014685
4078.269538 1.097091
4078.469532 0.958725
4078.669525 0.939634
4078.869519 0.991020
4079.069512 0.954017
4079.269506 1.003221
4079.469500 1.031385
4079.669493 1.086210
4079.869487 0.955212
4080.069480 0.988684
4080.269474 0.983285
4080.469468 1.067609
4080.669461 1.004954
4080.869455 1.009581
4081.069448 0.968880
4081.269442 0.944881
4081.469436 0.990464
4081.669429 1.116305
4081.869423 1.013249
4082.069416 1.021473
4082.269410 1.025910
4082.469404 0.959538
4082.669397 0.963351
4082.869391 1.003636
4083.069384 0.957416
4083.269378 1.028598
4083.469372 1.025926
4083.669365 1.044527
4083.869359 0.948385
4084.069352 0.983950
4084.269346 1.040504
4084.469340 0.978541
4084.669333 0.974403
4084.869327 0.972474
4085.069320 0.944184
4085.269314 0.967399
4085.469308 0.973919
4085.669301 1.032601
4085.869295 1.057536
4086.069288 0.972623
4086.269282 0.974442
4086.469276 0.951564
4086.669269 1.025157
4086.869263 0.954740
4087.069256 0.968794
4087.269250 0.994877
4087.469244 1.055764
4087.669237 1.002055
4087.869231 0.976487
4088.069224 0.992177
4088.269218 0.973257
4088.469212 0.957951
4088.669205 0.879098
4088.869199 0.980846
4089.069192 0.975198
4089.269186 0.946210
4089.469180 1.048516
4089.669173 0.960441
4089.869167 0.926946
4090.069160 0.970769
4090.269154 0.913311
4090.469148 0.944199
4090.669141 0.966242
4090.869135 0.981509
4091.069129 0.939723
4091.269122 0.979597
4091.469116 0.955289
4091.669109 0.983605
4091.869103 1.024201
4092.069097 0.989319
4092.269090 0.937744
4092.469084 0.943948
4092.669077 0.972342
4092.869071 0.934973
4093.069065 0.946757
4093.269058 0.960229
4093.469052 0.972455
4093.669045 0.843357
4093.869039 0.951283
4094.069033 0.947864
4094.269026 0.991891
4094.469020 0.963600
4094.669013 0.902433
4094.869007 0.968694
4095.069001 0.969386
4095.268994 1.005296
4095.468988 0.909003
4095.668981 0.990282
4095.868975 0.957771
4096.068969 0.926796
4096.268962 0.925879
4096.468956 0.940948
4096.668949 0.886864
4096.868943 0.877120
4097.068937 0.944092
4097.268930 0.897462
4097.468924 0.862721
4097.668917 0.973421
4097.868911 0.878470
4098.068905 0.831845
4098.268898 0.867299
4098.468892 0.917812
4098.668885 0.841400
4098.868879 0.832132
4099.068873 0.802406
4099.268866 0.796350
4099.468860 0.784742
4099.668853 0.841060
4099.868847 0.845581
4100.068841 0.849680
4100.268834 0.785650
4100.468828 0.765918
4100.668821 0.770450
4100.868815 0.751293
4101.068809 0.767587
4101.268802 0.774962
4101.468796 0.782823
4101.668789 0.681356
4101.868783 0.703870
4102.068777 0.714073
4102.268770 0.682310
4102.468764 0.697984
4102.668757 0.689656
4102.868751 0.696492
4103.068745 0.625998
4103.268738 0.603195
4103.468732 0.620795
4103.668725 0.599038
4103.868719 0.654495
4104.068713 0.594932
4104.268706 0.744544
4104.468700 0.664619
4104.668693 0.602971
4104.868687 0.641466
4105.068681 0.600674
4105.268674 0.648119
4105.468668 0.596754
4105.668661 0.657278
4105.868655 0.619581
4106.068649 0.680926
4106.268642 0.675999
4106.468636 0.676972
4106.668629 0.707970
4106.868623 0.652955
4107.068617 0.711446
4107.268610 0.758073
4107.468604 0.784602
4107.668597 0.723586
4107.868591 0.796261
4108.068585 0.776827
4108.268578 0.820858
4108.468572 0.882320
4108.668566 0.870276
4108.868559 0.843339
4109.068553 0.867606
4109.268546 0.879821
4109.468540 0.843481
4109.668534 0.870856
4109.868527 0.846961
4110.068521 0.832342
4110.268514 0.887901
4110.468508 0.832782
4110.668502 0.843506
4110.868495 0.944255
4111.068489 0.901618
4111.268482 0.902846
4111.468476 0.920282
4111.668470 0.924981
4111.868463 0.820500
4112.068457 0.950589
4112.268450 0.928809
4112.468444 0.891710
4112.668438 0.903094
4112.868431 0.922662
4113.068425 0.901323
4113.268418 0.890581
4113.468412 0.875849
4113.668406 0.899489
4113.868399 0.987843
4114.068393 0.964123
4114.268386 0.942362
4114.468380 0.934853
4114.668374 0.976331
4114.868367 0.907667
4115.068361 1.025627
4115.268354 0.960987
4115.468348 0.952116
4115.668342 0.916044
4115.868335 0.962428
4116.068329 0.984136
4116.268322 1.003939
4116.468316 1.028650
4116.668310 1.051090
4116.868303 0.942666
4117.068297 0.982023
4117.268290 1.001689
4117.468284 1.032255
4117.668278 0.911246
4117.868271 0.937395
4118.068265 0.925572
4118.268258 0.897635
4118.468252 0.918911
4118.668246 0.954453
4118.868239 0.997541
4119.068233 0.987436
4119.268226 0.925150
4119.468220 0.957283
4119.668214 1.037066
4119.868207 1.014031
4120.068201 0.913104
4120.268194 0.971861
4120.468188 1.071426
4120.668182 0.941326
4120.868175 0.975284
4121.068169 1.071698
4121.268162 1.015146
4121.468156 0.909529
4121.668150 0.965984
4121.868143 0.901377
4122.068137 0.923194
4122.268130 0.965728
4122.468124 0.905803
4122.668118 0.864585
4122.868111 0.923530
4123.068105 0.940175
4123.268098 0.970513
4123.468092 0.943411
4123.668086 0.960492
4123.868079 0.988817
4124.068073 0.934352
4124.268066 0.909243
4124.468060 0.996029
4124.668054 0.982604
4124.868047 0.929877
4125.068041 0.996254
4125.268034 1.004870
4125.468028 0.924932
4125.668022 0.947242
4125.868015 1.027677
4126.068009 0.960703
4126.268003 0.995084
4126.467996 0.928629
4126.667990 0.951604
4126.867983 0.996394
4127.067977 0.991058
4127.267971 1.012742
4127.467964 0.906923
4127.667958 1.005869
4127.867951 0.953302
4128.067945 0.958954
4128.267939 1.037324
4128.467932 1.022513
4128.667926 0.994658
4128.867919 1.004031
4129.067913 1.039199
4129.267907 1.039534
4129.467900 0.959547
4129.667894 0.986530
4129.867887 1.010038
4130.067881 1.037751
4130.267875 1.033984
4130.467868 0.969275
4130.667862 1.035526
4130.867855 1.014706
4131.067849 1.007426
4131.267843 0.974658
4131.467836 1.025701
4131.667830 1.086541
4131.867823 1.036437
4132.067817 1.013976
4132.267811 0.972302
4132.467804 0.957897
4132.667798 1.035703
4132.867791 0.959742
4133.067785 0.934386
4133.267779 1.061203
4133.467772 0.922807
4133.667766 1.021628
4133.867759 1.036438
4134.067753 0.997416
4134.267747 1.005596
4134.467740 1.044691
4134.667734 1.007295
4134.867727 0.963717
4135.067721 1.016224
4135.267715 1.028277
4135.467708 0.978129
4135.667702 1.026900
4135.867695 0.952846
4136.067689 1.012943
4136.267683 0.990085
4136.467676 0.963080
4136.667670 0.992463
4136.867663 0.981551
4137.067657 0.992834
4137.267651 0.968479
4137.467644 1.001600
4137.667638 1.073070
4137.867631 1.031157
4138.067625 0.964819
4138.267619 1.013244
4138.467612 1.026006
4138.667606 1.060037
4138.867599 1.019559
4139.067593 1.045666
4139.267587 1.046958
4139.467580 0.958209
4139.667574 1.038026
4139.867567 1.043036
4140.067561 1.063718
4140.267555 1.001337
4140.467548 1.032279
4140.667542 1.020258
4140.867535 1.074696
4141.067529 0.977896
4141.267523 1.026540
4141.467516 1.000881
4141.667510 0.993604
4141.867503 0.969034
4142.067497 0.959998
4142.267491 0.948936
4142.467484 0.965533
4142.667478 0.945104
4142.867471 0.981072
4143.067465 0.925690
4143.267459 0.976171
4143.467452 0.966303
4143.667446 0.953764
4143.867440 0.961609
4144.067433 0.965117
4144.267427 0.974414
4144.467420 0.963663
4144.667414 0.942239
4144.867408 0.862221
4145.067401 0.901924
4145.267395 0.907746
4145.467388 0.912333
4145.667382 0.821698
4145.867376 0.875753
4146.067369 0.823473
4146.267363 0.839031
4146.467356 0.848294
4146.667350 0.875159
4146.867344 0.847199
4147.067337 0.843325
4147.267331 0.922627
4147.467324 0.916011
4147.667318 0.966401
4147.867312 0.889943
4148.067305 0.916928
4148.267299 0.925014
4148.467292 0.954182
4148.667286 0.943551
4148.867280 0.966067
4149.067273 0.966543
4149.267267 1.021722
4149.467260 0.987741
4149.667254 1.017062
4149.867248 0.979298
4150.067241 0.907263
4150.267235 0.933820
4150.467228 1.019022
4150.667222 0.950621
4150.867216 1.001591
4151.067209 1.039084
4151.267203 1.080382
4151.467196 1.018509
4151.667190 0.994019
4151.867184 1.008405
4152.067177 0.968176
4152.267171 1.001217
4152.467164 0.977606
4152.667158 0.965383
4152.867152 0.960749
4153.067145 0.938010
4153.267139 0.972074
4153.467132 0.989743
4153.667126 1.015796
4153.867120 1.047798
4154.067113 1.063117
4154.267107 0.986731
4154.467100 1.024772
4154.667094 0.941745
4154.867088 1.025174
4155.067081 1.005170
4155.267075 0.961013
4155.467068 0.950783
4155.667062 0.982117
4155.867056 0.928966
4156.067049 0.966798
4156.267043 1.012323
4156.467036 1.001820
4156.667030 1.000994
4156.867024 1.029118
4157.067017 1.082288
4157.267011 0.970903
4157.467004 0.972613
4157.666998 1.002366
4157.866992 0.960858
4158.066985 1.034672
4158.266979 0.969804
4158.466972 0.980571
4158.666966 1.068598
4158.866960 1.011519
4159.066953 0.982341
4159.266947 1.060396
4159.466940 1.046263
4159.666934 0.986559
4159.866928 1.063359
4160.066921 1.117642
4160.266915 1.033116
4160.466908 1.049857
4160.666902 0.992576
4160.866896 1.001348
4161.066889 1.004621
4161.266883 1.015862
4161.466877 0.964414
4161.666870 0.963538
4161.866864 1.017700
4162.066857 1.015735
4162.266851 0.990135
4162.466845 1.096096
4162.666838 1.066413
4162.866832 1.040543
4163.066825 0.971572
4163.266819 1.005752
4163.466813 1.005124
4163.666806 0.998061
4163.866800 1.002340
4164.066793 0.986724
4164.266787 0.975306
4164.466781 1.072589
4164.666774 1.053795
4164.866768 1.043922
4165.066761 1.011118
4165.266755 1.056121
4165.466749 1.045984
4165.666742 1.030747
4165.866736 1.071755
4166.066729 1.050925
4166.266723 1.037133
4166.466717 0.986791
4166.666710 0.998949
4166.866704 1.023610
4167.066697 0.986837
4167.266691 1.008852
4167.466685 0.971034
4167.666678 0.994896
4167.866672 1.038017
4168.066665 1.027805
4168.266659 1.022887
4168.466653 0.997014
4168.666646 1.071217
4168.866640 1.000739
4169.066633 1.025641
4169.266627 1.009994
4169.466621 0.971254
4169.666614 1.015570
4169.866608 0.969063
4170.066601 0.976630
4170.266595 0.985571
4170.466589 1.025642
4170.666582 0.960778
4170.866576 0.964633
4171.066569 0.960930
4171.266563 0.945765
4171.466557 0.984152
4171.666550 0.940927
4171.866544 0.949595
4172.066537 0.980746
4172.266531 0.947993
4172.466525 0.964778
4172.666518 0.938162
4172.866512 0.999141
4173.066505 0.975809
4173.266499 0.962205
4173.466493 1.017313
4173.666486 0.986937
4173.866480 1.043445
4174.066473 1.043079
4174.266467 1.000356
4174.466461 1.009818
4174.666454 1.020360
4174.866448 1.002631
4175.066441 1.033127
4175.266435 0.997855
4175.466429 1.058070
4175.666422 0.969950
4175.866416 1.009499
4176.066409 0.992262
4176.266403 1.035413
4176.466397 1.051338
4176.666390 0.953011
4176.866384 0.994316
4177.066377 0.961393
4177.266371 1.002456
4177.466365 0.979605
4177.666358 1.068941
4177.866352 1.091682
4178.066345 1.002610
4178.266339 0.999177
4178.466333 0.992809
4178.666326 1.027614
4178.866320 0.972029
4179.066314 1.020466
4179.266307 1.027195
4179.466301 0.979241
4179.666294 1.038200
4179.866288 1.001558
4180.066282 0.949492
4180.266275 0.987092
4180.466269 1.010824
4180.666262 1.005760
4180.866256 0.987827
4181.066250 1.007419
4181.266243 1.030578
4181.466237 0.966920
4181.666230 1.024150
4181.866224 0.994361
4182.066218 0.999961
4182.266211 1.007007
4182.466205 1.029859
4182.666198 1.030586
4182.866192 1.001842
4183.066186 1.000439
4183.266179 1.032536
4183.466173 1.043156
4183.666166 0.966805
4183.866160 1.094563
4184.066154 1.000598
4184.266147 1.015612
4184.466141 0.978281
4184.666134 1.050305
4184.866128 1.094007
4185.066122 1.043380
4185.266115 1.020719
4185.466109 0.994320
4185.666102 1.030596
4185.866096 1.069459
4186.066090 0.970644
4186.266083 1.019225
4186.466077 1.061684
4186.666070 1.074930
4186.866064 1.054730
4187.066058 0.986506
4187.266051 0.967628
4187.466045 0.996383
4187.666038 0.954021
4187.866032 0.985457
4188.066026 1.015854
4188.266019 1.004610
4188.466013 0.969229
4188.666006 0.959864
4188.866000 0.955879
4189.065994 1.008130
4189.265987 1.022185
4189.465981 1.001227
4189.665974 1.029081
4189.865968 1.003738
4190.065962 0.967773
4190.265955 1.052179
4190.465949 1.018268
4190.665942 0.980760
4190.865936 1.022701
4191.065930 0.999868
4191.265923 1.014584
4191.465917 1.014932
4191.665910 1.062096
4191.865904 1.074203
4192.065898 1.003961
4192.265891 0.976565
4192.465885 0.994661
4192.665878 0.975392
4192.865872 0.996235
4193.065866 0.957951
4193.265859 0.986077
4193.465853 1.058225
4193.665846 1.035476
4193.865840 1.008487
4194.065834 0.948624
4194.265827 1.028280
4194.465821 0.961955
4194.665814 1.022000
4194.865808 1.006380
4195.065802 1.020359
4195.265795 0.999439
4195.465789 1.008391
4195.665782 0.925504
4195.865776 1.033137
4196.065770 1.019087
4196.265763 0.983618
4196.465757 1.044168
4196.665751 1.019603
4196.865744 0.993111
4197.065738 1.042415
4197.265731 1.042529
4197.465725 1.010672
4197.665719 1.051569
4197.865712 1.003108
4198.065706 1.001864
4198.265699 1.050380
4198.465693 1.016625
4198.665687 0.994406
4198.865680 1.001161
4199.065674 0.957988
4199.265667 0.949659
4199.465661 0.996007
4199.665655 1.047935
4199.865648 1.019168
4200.065642 1.007154
4200.265635 1.011377
4200.465629 1.047179
4200.665623 1.004094
4200.865616 1.088998
4201.065610 1.044079
4201.265603 1.006861
4201.465597 1.036142
4201.665591 1.070697
4201.865584 1.020545
4202.065578 1.023409
4202.265571 0.997866
4202.465565 0.995985
4202.665559 0.988679
4202.865552 1.016478
4203.065546 0.986541
4203.265539 0.973951
4203.465533 1.012060
4203.665527 1.054169
4203.865520 1.030425
4204.065514 1.026391
4204.265507 0.960961
4204.465501 1.033524
4204.665495 1.058080
4204.865488 1.065473
4205.065482 0.973808
4205.265475 1.085824
4205.465469 1.006277
4205.665463 1.100160
4205.865456 1.044773
4206.065450 0.994622
4206.265443 0.975286
4206.465437 1.048827
4206.665431 0.991911
4206.865424 0.984371
4207.065418 0.950247
4207.265411 1.023785
4207.465405 1.086481
4207.665399 0.972985
4207.865392 1.008624
4208.065386 1.038050
4208.265379 0.979512
4208.465373 1.005064
4208.665367 1.020249
4208.865360 1.029472
4209.065354 1.019580
4209.265347 1.003400
4209.465341 0.956817
4209.665335 0.984357
4209.865328 0.940878
4210.065322 1.021960
4210.265315 1.099713
4210.465309 1.051155
4210.665303 1.049065
4210.865296 1.046103
4211.065290 1.080880
4211.265283 1.038924
4211.465277 0.990324
4211.665271 1.042037
4211.865264 1.043707
4212.065258 1.018735
4212.265251 1.036397
4212.465245 0.967766
4212.665239 0.995463
4212.865232 1.014748
4213.065226 0.953548
4213.265220 0.979590
4213.465213 1.046537
4213.665207 0.979306
4213.865200 0.970735
4214.065194 1.062166
4214.265188 1.055865
4214.465181 1.036365
4214.665175 1.006874
4214.865168 1.038949
4215.065162 0.973931
4215.265156 1.068030
4215.465149 1.074446
4215.665143 0.949081
4215.865136 1.039879
4216.065130 1.065323
4216.265124 1.070626
4216.465117 1.075683
4216.665111 1.038463
4216.865104 1.043738
4217.065098 1.020439
4217.265092 1.007329
4217.465085 0.990602
4217.665079 0.967398
4217.865072 1.015634
4218.065066 0.978969
4218.265060 1.023333
4218.465053 1.026947
4218.665047 1.010325
4218.865040 1.031503
4219.065034 1.010219
4219.265028 0.976369
4219.465021 1.028795
4219.665015 0.980515
4219.865008 1.009023
4220.065002 1.004570
4220.264996 1.063404
4220.464989 1.073285
4220.664983 1.010373
4220.864976 0.969589
4221.064970 1.038319
4221.264964 1.038041
4221.464957 1.008718
4221.664951 1.024856
4221.864944 0.982209
4222.064938 1.014038
4222.264932 0.985377
4222.464925 1.022323
4222.664919 1.019950
4222.864912 1.048427
4223.064906 1.022867
4223.264900 1.011876
4223.464893 0.995361
4223.664887 0.916432
4223.864880 1.041948
4224.064874 1.008084
4224.264868 1.011106
4224.464861 1.008024
4224.664855 1.059081
4224.864848 0.998659
4225.064842 0.972760
4225.264836 1.032956
4225.464829 1.003487
4225.664823 1.055962
4225.864816 0.984154
4226.064810 1.003972
4226.264804 1.025600
4226.464797 0.968968
4226.664791 0.973754
4226.864784 1.038140
4227.064778 1.012389
4227.264772 1.002410
4227.464765 1.078732
4227.664759 1.030344
4227.864752 1.017015
4228.064746 1.019948
4228.264740 1.042744
4228.464733 1.017591
4228.664727 1.043092
4228.864720 1.029771
4229.064714 0.969683
4229.264708 1.002168
4229.464701 1.053374
4229.664695 1.031455
4229.864688 1.006178
4230.064682 0.955736
4230.264676 1.023664
4230.464669 0.977443
4230.664663 0.992644
4230.864657 1.045748
4231.064650 1.045942
4231.264644 1.016179
4231.464637 0.983700
4231.664631 1.032430
4231.864625 1.029642
4232.064618 0.999966
4232.264612 1.013735
4232.464605 1.011911
4232.664599 1.043913
4232.864593 1.058817
4233.064586 0.966043
4233.264580 1.004562
4233.464573 1.008414
4233.664567 0.979948
4233.864561 0.994668
4234.064554 0.973201
4234.264548 1.030064
4234.464541 1.007581
4234.664535 1.037083
4234.864529 1.003450
4235.064522 0.999076
4235.264516 0.981988
4235.464509 1.081106
4235.664503 1.070533
4235.864497 0.982942
4236.064490 1.032276
4236.264484 1.005825
4236.464477 1.024059
4236.664471 0.992566
4236.864465 0.983180
4237.064458 0.976028
4237.264452 0.991902
4237.464445 0.967490
4237.664439 1.064920
4237.864433 1.017272
4238.064426 1.037242
4238.264420 1.025170
4238.464413 1.002620
4238.664407 0.959425
4238.864401 0.996860
4239.064394 0.978434
4239.264388 0.965038
4239.464381 1.043264
4239.664375 1.013735
4239.864369 1.049511
4240.064362 1.017715
4240.264356 1.005879
4240.464349 1.025067
4240.664343 0.919414
4240.864337 1.010899
4241.064330 1.020127
4241.264324 1.046729
4241.464317 0.995412
4241.664311 1.018119
4241.864305 1.002956
4242.064298 1.025654
4242.264292 0.979954
4242.464285 0.984441
4242.664279 1.094103
4242.864273 0.986968
4243.064266 1.005776
4243.264260 1.063399
4243.464253 0.995725
4243.664247 0.962270
4243.864241 0.973548
4244.064234 1.009531
4244.264228 0.981764
4244.464221 1.010744
4244.664215 1.025891
4244.864209 1.031071
4245.064202 1.064769
4245.264196 0.980651
4245.464189 1.055017
4245.664183 1.019531
4245.864177 0.998328
4246.064170 1.028383
4246.264164 1.015365
4246.464157 1.014837
4246.664151 1.081814
4246.864145 1.006997
4247.064138 1.036776
4247.264132 0.939031
4247.464125 0.973763
4247.664119 1.004250
4247.864113 1.059090
4248.064106 0.972361
4248.264100 0.995167
4248.464094 1.068033
4248.664087 1.044576
4248.864081 1.022266
4249.064074 1.025434
4249.264068 1.029471
4249.464062 1.007706
4249.664055 1.001726
4249.864049 1.013966
4250.064042 0.961642
4250.264036 1.066544
4250.464030 0.942810
4250.664023 1.031039
4250.864017 0.981943
4251.064010 1.013385
4251.264004 0.999645
4251.463998 1.039260
4251.663991 1.036288
4251.863985 1.039020
4252.063978 1.040887
4252.263972 1.013445
4252.463966 0.968049
4252.663959 0.965362
4252.863953 1.081050
4253.063946 1.003597
4253.263940 1.009116
4253.463934 1.019147
4253.663927 1.061912
4253.863921 1.049888
4254.063914 1.048224
4254.263908 1.021595
4254.463902 0.959657
4254.663895 0.991713
4254.863889 0.979759
4255.063882 1.003409
4255.263876 0.986824
4255.463870 0.974339
4255.663863 0.935975
4255.863857 0.959302
4256.063850 0.949180
4256.263844 0.985217
4256.463838 1.030444
4256.663831 0.972438
4256.863825 1.086392
4257.063818 1.034608
4257.263812 1.033405
4257.463806 1.000180
4257.663799 0.981400
4257.863793 0.981938
4258.063786 1.000396
4258.263780 1.007317
4258.463774 0.979396
4258.663767 1.023065
4258.863761 1.015169
4259.063754 1.001546
4259.263748 1.041592
4259.463742 1.053466
4259.663735 0.992881
4259.863729 1.020344
4260.063722 1.061004
4260.263716 1.001339
4260.463710 1.009081
4260.663703 1.002968
4260.863697 0.994856
4261.063690 1.007506
4261.263684 1.040182
4261.463678 1.065389
4261.663671 1.043187
4261.863665 0.998057
4262.063658 1.031630
4262.263652 1.027753
4262.463646 1.005191
4262.663639 0.985575
4262.863633 1.009456
4263.063626 0.976243
4263.263620 1.043456
4263.463614 1.035102
4263.663607 1.034975
4263.863601 1.040222
4264.063594 1.033692
4264.263588 0.966883
4264.463582 1.038287
4264.663575 0.969939
4264.863569 1.017238
4265.063562 0.984159
4265.263556 1.020762
4265.463550 1.022044
4265.663543 0.994878
4265.863537 1.004360
4266.063531 1.002383
4266.263524 1.013222
4266.463518 1.067883
4266.663511 1.006649
4266.863505 1.052189
4267.063499 0.939554
4267.263492 1.056291
4267.463486 1.010347
4267.663479 1.009397
4267.863473 1.019349
4268.063467 1.035620
4268.263460 1.019885
4268.463454 0.986916
4268.663447 0.982565
4268.863441 1.015295
4269.063435 1.020421
4269.263428 1.079631
4269.463422 1.008332
4269.663415 0.994375
4269.863409 1.033083
4270.063403 0.995774
4270.263396 0.982816
4270.463390 1.042849
4270.663383 1.028294
4270.863377 0.988144
4271.063371 0.968468
4271.263364 1.004521
4271.463358 1.046101
4271.663351 0.989678
4271.863345 0.977771
4272.063339 1.001917
4272.263332 1.086662
4272.463326 1.023492
4272.663319 1.034970
4272.863313 1.053949
4273.063307 1.013163
4273.263300 1.011304
4273.463294 0.991238
4273.663287 1.013382
4273.863281 0.969331
4274.063275 0.919709
4274.263268 1.006951
4274.463262 0.997892
4274.663255 0.904203
4274.863249 1.017473
4275.063243 1.013844
4275.263236 0.976111
4275.463230 0.989464
4275.663223 0.997538
4275.863217 0.970714
4276.063211 1.008076
4276.263204 0.974562
4276.463198 1.006023
4276.663191 0.980611
4276.863185 0.987948
4277.063179 0.957226
4277.263172 1.022420
4277.463166 1.011912
4277.663159 0.992171
4277.863153 0.988574
4278.063147 0.987868
4278.263140 1.009629
4278.463134 1.047009
4278.663127 1.029149
4278.863121 0.999384
4279.063115 1.002677
4279.263108 0.968207
4279.463102 1.007128
4279.663095 0.999444
4279.863089 1.037278
4280.063083 1.000220
4280.263076 1.035592
4280.463070 0.973433
4280.663063 0.985916
4280.863057 1.013273
4281.063051 0.937451
4281.263044 0.989843
4281.463038 0.980031
4281.663031 0.942049
4281.863025 0.964940
4282.063019 1.001603
4282.263012 0.942943
4282.463006 1.026551
4282.662999 1.052165
4282.862993 1.057349
4283.062987 1.038252
4283.262980 1.026990
4283.462974 1.005125
4283.662968 0.966622
4283.862961 1.021896
4284.062955 1.016839
4284.262948 1.012249
4284.462942 0.987904
4284.662936 0.934392
4284.862929 1.021420
4285.062923 1.022589
4285.262916 0.989958
4285.462910 1.058898
4285.662904 1.010282
4285.862897 0.996048
4286.062891 0.996783
4286.262884 1.009320
4286.462878 0.965887
4286.662872 1.030549
4286.862865 0.959252
4287.062859 0.948148
4287.262852 0.993419
4287.462846 0.959347
4287.662840 1.040705
4287.862833 1.031083
4288.062827 1.018454
4288.262820 1.011610
4288.462814 0.983092
4288.662808 0.986156
4288.862801 0.957928
4289.062795 0.976638
4289.262788 0.986157
4289.462782 1.004051
4289.662776 1.060452
4289.862769 1.007550
4290.062763 1.117751
4290.262756 1.012677
4290.462750 1.131669
4290.662744 1.011627
4290.862737 0.967589
4291.062731 0.998597
4291.262724 1.026232
4291.462718 0.962257
4291.662712 1.006231
4291.862705 0.971434
4292.062699 1.032205
4292.262692 1.000015
4292.462686 0.975218
4292.662680 0.984081
4292.862673 0.985143
4293.062667 1.026742
4293.262660 0.977090
4293.462654 0.977893
4293.662648 1.023279
4293.862641 0.946549
4294.062635 0.971791
4294.262628 0.968946
4294.462622 0.978509
4294.662616 1.012882
4294.862609 0.924022
4295.062603 1.035254
4295.262596 1.092229
4295.462590 0.999752
4295.662584 0.966482
4295.862577 1.024031
4296.062571 1.022185
4296.262564 1.013040
4296.462558 1.003692
4296.662552 1.026208
4296.862545 1.010664
4297.062539 0.989955
4297.262532 1.065399
4297.462526 0.972529
4297.662520 1.038345
4297.862513 1.027625
4298.062507 0.997174
4298.262500 0.956095
4298.462494 0.930975
4298.662488 1.006601
4298.862481 0.957256
4299.062475 1.008597
4299.262468 0.983126
4299.462462 0.969899
4299.662456 0.993363
4299.862449 0.936084
4300.062443 0.985110
4300.262436 1.006601
4300.462430 1.022580
4300.662424 1.022442
4300.862417 1.015877
4301.062411 0.995706
4301.262405 0.960284
4301.462398 0.969480
4301.662392 0.946768
4301.862385 0.957231
4302.062379 0.958365
4302.262373 0.997155
4302.462366 1.018344
4302.662360 1.028995
4302.862353 1.049127
4303.062347 0.953671
4303.262341 0.988458
4303.462334 1.016940
4303.662328 0.989550
4303.862321 1.005802
4304.062315 1.043933
4304.262309 1.030643
4304.462302 1.034282
4304.662296 0.942422
4304.862289 0.943247
4305.062283 0.992075
4305.262277 1.003503
4305.462270 0.949655
4305.662264 1.046376
4305.862257 1.028712
4306.062251 1.003581
4306.262245 0.969721
4306.462238 0.956560
4306.662232 0.965789
4306.862225 0.982789
4307.062219 1.044964
4307.262213 1.013226
4307.462206 1.004603
4307.662200 0.968919
4307.862193 1.001588
4308.062187 0.968723
4308.262181 1.020855
4308.462174 1.015532
4308.662168 0.949896
4308.862161 1.006721
4309.062155 1.018399
4309.262149 1.000041
4309.462142 0.970021
4309.662136 0.987949
4309.862129 0.975228
4310.062123 0.999354
4310.262117 1.053252
4310.462110 0.989616
4310.662104 1.027625
4310.862097 0.958436
4311.062091 0.997590
4311.262085 1.032878
4311.462078 1.030568
4311.662072 0.948353
4311.862065 0.975979
4312.062059 1.004032
4312.262053 0.981132
4312.462046 0.941106
4312.662040 0.982339
4312.862033 0.992928
4313.062027 0.951660
4313.262021 0.988411
4313.462014 0.946513
4313.662008 0.996621
4313.862001 1.019385
4314.061995 0.938079
4314.261989 0.990455
4314.461982 0.984476
4314.661976 1.029533
4314.861969 0.996992
4315.061963 0.977000
4315.261957 1.000340
4315.461950 0.953063
4315.661944 0.977841
4315.861937 0.986700
4316.061931 1.028458
4316.261925 0.998044
4316.461918 0.951349
4316.661912 0.984763
4316.861905 0.994188
4317.061899 0.993450
4317.261893 0.998859
4317.461886 0.970486
4317.661880 0.939482
4317.861874 0.940829
4318.061867 1.000383
4318.261861 0.959126
4318.461854 1.030319
4318.661848 0.982273
4318.861842 0.954440
4319.061835 1.015284
4319.261829 0.944070
4319.461822 0.994445
4319.661816 0.925436
4319.861810 1.005190
4320.061803 0.972966
4320.261797 0.949314
4320.461790 0.971777
4320.661784 0.991550
4320.861778 1.020130
4321.061771 0.976671
4321.261765 1.012705
4321.461758 1.004489
4321.661752 0.997516
4321.861746 0.976952
4322.061739 1.010253
4322.261733 0.999209
4322.461726 1.020281
4322.661720 1.035605
4322.861714 0.991102
4323.061707 1.000855
4323.261701 0.958371
4323.461694 0.924681
4323.661688 0.965972
4323.861682 0.974295
4324.061675 0.971918
4324.261669 1.029599
4324.461662 0.984922
4324.661656 0.987734
4324.861650 0.983306
4325.061643 1.044791
4325.261637 0.975377
4325.461630 0.979590
4325.661624 1.009005
4325.861618 0.961791
4326.061611 0.953193
4326.261605 1.048492
4326.461598 0.990338
4326.661592 0.984349
4326.861586 1.017943
4327.061579 0.916150
4327.261573 1.005684
4327.461566 0.926498
4327.661560 0.942295
4327.861554 1.013062
4328.061547 1.041247
4328.261541 0.956735
4328.461534 0.974622
4328.661528 0.927185
4328.861522 0.945100
4329.061515 0.979694
4329.261509 0.970762
4329.461502 0.977028
4329.661496 0.938212
4329.861490 1.007975
4330.061483 0.922563
4330.261477 0.935987
4330.461470 0.952442
4330.661464 0.982928
4330.861458 0.941710
4331.061451 0.922469
4331.261445 0.975146
4331.461438 0.954596
4331.661432 0.949444
4331.861426 0.955516
4332.061419 0.965184
4332.261413 0.997162
4332.461406 0.982536
4332.661400 0.941563
4332.861394 0.911570
4333.061387 0.985354
4333.261381 0.911892
4333.461374 0.986426
4333.661368 0.941609
4333.861362 0.840222
4334.061355 0.828856
4334.261349 1.006060
4334.461342 0.953473
4334.661336 0.907857
4334.861330 0.902286
4335.061323 0.913151
4335.261317 0.865469
4335.461311 0.949944
4335.661304 0.846169
4335.861298 0.908173
4336.061291 0.934882
4336.261285 0.906411
4336.461279 0.908819
4336.661272 0.909011
4336.861266 0.875471
4337.061259 0.858856
4337.261253 0.818475
4337.461247 0.887697
4337.661240 0.897264
4337.861234 0.815117
4338.061227 0.864847
4338.261221 0.802244
4338.461215 0.804227
4338.661208 0.861243
4338.861202 0.799688
4339.061195 0.816777
4339.261189 0.779594
4339.461183 0.793035
4339.661176 0.796083
4339.861170 0.789193
4340.061163 0.820503
4340.261157 0.785694
4340.461151 0.710566
4340.661144 0.703600
4340.861138 0.741305
4341.061131 0.679116
4341.261125 0.703749
4341.461119 0.718488
4341.661112 0.652428
4341.861106 0.637512
4342.061099 0.703907
4342.261093 0.684485
4342.461087 0.687650
4342.661080 0.687766
4342.861074 0.750938
4343.061067 0.768234
4343.261061 0.674907
4343.461055 0.625316
4343.661048 0.656064
4343.861042 0.644581
4344.061035 0.653002
4344.261029 0.651038
4344.461023 0.673668
4344.661016 0.671484
4344.861010 0.717537
4345.061003 0.758818
4345.260997 0.748350
4345.460991 0.716515
4345.660984 0.680038
4345.860978 0.777721
4346.060971 0.798155
4346.260965 0.724834
4346.460959 0.742767
4346.660952 0.800671
4346.860946 0.828116
4347.060939 0.846021
4347.260933 0.816723
4347.460927 0.811758
4347.660920 0.845828
4347.860914 0.887458
4348.060907 0.811225
4348.260901 0.821185
4348.460895 0.786516
4348.660888 0.867977
4348.860882 0.884039
4349.060875 0.867650
4349.260869 0.895422
4349.460863 0.904320
4349.660856 0.870237
4349.860850 0.913178
4350.060843 0.897640
4350.260837 0.946359
4350.460831 0.902409
4350.660824 0.878136
4350.860818 0.882531
4351.060811 0.920607
4351.260805 0.888543
4351.460799 0.875738
4351.660792 0.872193
4351.860786 0.939070
4352.060779 0.887535
4352.260773 0.880075
4352.460767 0.950683
4352.660760 0.910633
4352.860754 0.952358
4353.060748 0.976992
4353.260741 0.919793
4353.460735 0.927258
4353.660728 0.979750
4353.860722 0.990065
4354.060716 0.939699
4354.260709 0.922814
4354.460703 0.939768
4354.660696 1.003228
4354.860690 0.969972
4355.060684 0.968288
4355.260677 0.984825
4355.460671 0.965160
4355.660664 0.955865
4355.860658 0.969674
4356.060652 0.984207
4356.260645 0.962370
4356.460639 0.941391
4356.660632 0.983417
4356.860626 0.975275
4357.060620 0.978591
4357.260613 0.973114
4357.460607 0.976756
4357.660600 1.060266
4357.860594 1.016131
4358.060588 1.020208
4358.260581 0.987776
4358.460575 0.959624
4358.660568 0.994334
4358.860562 0.973845
4359.060556 0.991884
4359.260549 0.986372
4359.460543 1.022875
4359.660536 0.960547
4359.860530 1.011399
4360.060524 1.007885
4360.260517 0.968537
4360.460511 1.003896
4360.660504 1.032534
4360.860498 1.017532
4361.060492 1.009705
4361.260485 0.981444
4361.460479 0.968907
4361.660472 1.000112
4361.860466 1.012733
4362.060460 0.997915
4362.260453 1.031092
4362.460447 1.043634
4362.660440 0.953691
4362.860434 1.016358
4363.060428 1.008971
4363.260421 1.017202
4363.460415 0.989989
4363.660408 0.982033
4363.860402 0.932568
4364.060396 1.019791
4364.260389 0.988261
4364.460383 1.011323
4364.660376 1.009268
4364.860370 1.033826
4365.060364 1.011553
4365.260357 0.973680
4365.460351 0.998738
4365.660344 1.030617
4365.860338 1.008541
4366.060332 1.029233
4366.260325 1.061668
4366.460319 1.008870
4366.660312 0.970848
4366.860306 1.038371
4367.060300 0.997629
4367.260293 1.012327
4367.460287 1.025999
4367.660280 1.011508
4367.860274 1.014582
4368.060268 0.982742
4368.260261 1.008543
4368.460255 1.052101
4368.660248 0.990079
4368.860242 0.965046
4369.060236 1.009875
4369.260229 0.968801
4369.460223 0.982404
4369.660216 1.007362
4369.860210 1.001500
4370.060204 1.005882
4370.260197 0.980591
4370.460191 1.005460
4370.660185 1.034601
4370.860178 1.000955
4371.060172 0.980834
4371.260165 1.019661
4371.460159 1.044216
4371.660153 0.988388
4371.860146 0.984339
4372.060140 1.065357
4372.260133 1.006549
4372.460127 0.969545
4372.660121 0.953311
4372.860114 1.002815
4373.060108 0.986166
4373.260101 1.064047
4373.460095 1.007233
4373.660089 0.968744
4373.860082 1.038992
4374.060076 0.982831
4374.260069 1.043813
4374.460063 0.997367
4374.660057 0.964264
4374.860050 0.968268
4375.060044 0.993169
4375.260037 0.972163
4375.460031 0.975431
4375.660025 0.981227
4375.860018 0.974434
4376.060012 1.025216
4376.260005 1.033027
4376.459999 0.962058
4376.659993 1.010389
4376.859986 1.038026
4377.059980 1.003269
4377.259973 1.013971
4377.459967 1.045507
4377.659961 1.002537
4377.859954 0.984524
4378.059948 1.009889
4378.259941 1.067168
4378.459935 1.016685
4378.659929 0.992892
4378.859922 1.025142
4379.059916 1.060067
4379.259909 1.028126
4379.459903 0.990934
4379.659897 0.999973
4379.859890 0.975521
4380.059884 0.975897
4380.259877 0.947204
4380.459871 0.993064
4380.659865 0.983276
4380.859858 0.990885
4381.059852 1.035774
4381.259845 1.006030
4381.459839 0.985552
4381.659833 0.987362
4381.859826 0.993545
4382.059820 0.983583
4382.259813 0.968040
4382.459807 1.045797
4382.659801 0.978248
4382.859794 0.973511
4383.059788 1.015224
4383.259781 1.004794
4383.459775 1.024226
4383.659769 1.010481
4383.859762 1.010669
4384.059756 1.045417
4384.259749 1.001125
4384.459743 0.986332
4384.659737 1.017415
4384.859730 0.974123
4385.059724 1.033409
4385.259717 0.978690
4385.459711 0.985826
4385.659705 1.012581
4385.859698 0.951269
4386.059692 0.970031
4386.259685 0.958611
4386.459679 1.001781
4386.659673 0.999681
4386.859666 0.924262
4387.059660 0.992738
4387.259653 0.920211
4387.459647 1.011720
4387.659641 0.885937
4387.859634 1.009104
4388.059628 0.976141
4388.259622 0.940410
4388.459615 0.919160
4388.659609 0.950929
4388.859602 0.879220
4389.059596 0.889859
4389.259590 0.918054
4389.459583 0.894882
4389.659577 0.849219
4389.859570 0.881248
4390.059564 0.885200
4390.259558 0.818487
4390.459551 0.820804
4390.659545 0.897646
4390.859538 0.865862
4391.059532 0.850124
4391.259526 0.920719
4391.459519 0.855668
4391.659513 0.866408
4391.859506 0.918440
4392.059500 0.911245
4392.259494 0.936851
4392.459487 0.975652
4392.659481 1.013837
4392.859474 0.972857
4393.059468 0.969262
4393.259462 0.948785
4393.459455 1.002224
4393.659449 0.952826
4393.859442 0.988735
4394.059436 0.921272
4394.259430 0.986209
4394.459423 1.040544
4394.659417 0.982879
4394.859410 0.965809
4395.059404 0.972568
4395.259398 0.984563
4395.459391 0.961312
4395.659385 1.015540
4395.859378 1.046298
4396.059372 1.021243
4396.259366 1.028480
4396.459359 1.100227
4396.659353 1.005307
4396.859346 1.004878
4397.059340 1.020052
4397.259334 0.955356
4397.459327 0.995122
4397.659321 0.969326
4397.859314 1.025450
4398.059308 1.008292
4398.259302 1.006829
4398.459295 1.012506
4398.659289 1.050698
4398.859282 0.986676
4399.059276 0.989741
4399.259270 1.051090
4399.459263 0.959825
4399.659257 0.999507
4399.859250 0.990448
4400.059244 0.974915
4400.259238 1.029473
4400.459231 0.994616
4400.659225 1.006139
4400.859218 0.985337
4401.059212 1.009065
4401.259206 1.033075
4401.459199 1.029433
4401.659193 1.066478
4401.859186 0.980026
4402.059180 1.002465
4402.259174 0.994350
4402.459167 0.935075
4402.659161 1.058946
4402.859154 1.049899
4403.059148 1.037089
4403.259142 1.015668
4403.459135 0.971005
4403.659129 1.002746
4403.859122 1.046919
4404.059116 1.042939
4404.259110 1.004615
4404.459103 1.065704
4404.659097 1.024320
4404.859090 0.968343
4405.059084 0.980619
4405.259078 1.025912
4405.459071 1.032148
4405.659065 0.960068
4405.859059 1.019606
4406.059052 0.974573
4406.259046 1.054870
4406.459039 0.978079
4406.659033 0.990272
4406.859027 1.013360
4407.059020 1.021303
4407.259014 1.001521
4407.459007 0.976985
4407.659001 0.982744
4407.858995 1.042536
4408.058988 1.027254
4408.258982 1.033275
4408.458975 0.990508
4408.658969 1.036911
4408.858963 1.013781
4409.058956 1.034323
4409.258950 1.037160
4409.458943 1.030803
4409.658937 0.983221
4409.858931 0.996702
4410.058924 1.022381
4410.258918 0.983862
4410.458911 0.955643
4410.658905 0.976394
4410.858899 0.986140
4411.058892 0.996288
4411.258886 0.961908
4411.458879 0.998623
4411.658873 1.002694
4411.858867 0.983450
4412.058860 0.983406
4412.258854 1.012100
4412.458847 1.033555
4412.658841 1.027225
4412.858835 1.004511
4413.058828 0.974913
4413.258822 1.013883
4413.458815 1.007317
4413.658809 0.960839
4413.858803 1.001883
4414.058796 0.970946
4414.258790 1.014547
4414.458783 0.992396
4414.658777 0.977299
4414.858771 0.990945
4415.058764 1.009850
4415.258758 1.054388
4415.458751 1.048384
4415.658745 1.057731
4415.858739 1.052161
4416.058732 0.937660
4416.258726 0.952523
4416.458719 0.965115
4416.658713 0.969577
4416.858707 1.019429
4417.058700 0.982559
4417.258694 0.981732
4417.458687 0.979567
4417.658681 1.021837
4417.858675 1.007499
4418.058668 1.051906
4418.258662 0.974759
4418.458655 0.996386
4418.658649 1.025365
4418.858643 1.032073
4419.058636 1.028931
4419.258630 0.968264
4419.458623 0.973554
4419.658617 1.012087
4419.858611 0.989577
4420.058604 0.980159
4420.258598 0.975451
4420.458591 0.981647
4420.658585 0.952365
4420.858579 0.986264
4421.058572 1.011891
4421.258566 1.063547
4421.458559 1.025921
4421.658553 0.996407
4421.858547 0.989937
4422.058540 0.953580
4422.258534 0.974586
4422.458527 1.054577
4422.658521 1.049614
4422.858515 0.999240
4423.058508 0.965786
4423.258502 1.074100
4423.458496 0.981471
4423.658489 0.985291
4423.858483 1.039016
4424.058476 0.978949
4424.258470 0.960864
4424.458464 1.014820
4424.658457 1.064603
4424.858451 1.021429
4425.058444 1.002514
4425.258438 1.041239
4425.458432 1.020329
4425.658425 0.997656
4425.858419 0.968499
4426.058412 1.034037
4426.258406 1.012450
4426.458400 1.025177
4426.658393 0.994149
4426.858387 0.979468
4427.058380 1.012538
4427.258374 1.039835
4427.458368 1.060446
4427.658361 1.017269
4427.858355 1.054437
4428.058348 1.019907
4428.258342 0.981035
4428.458336 0.977664
4428.658329 1.002462
4428.858323 1.043746
4429.058316 0.934098
4429.258310 1.028475
4429.458304 0.986503
4429.658297 1.015154
4429.858291 1.021923
4430.058284 0.980336
4430.258278 0.957666
4430.458272 1.031844
4430.658265 1.017559
4430.858259 0.972382
4431.058252 0.985138
4431.258246 1.029624
4431.458240 1.024004
4431.658233 1.030108
4431.858227 1.027495
4432.058220 1.008535
4432.258214 1.022962
4432.458208 1.057010
4432.658201 1.011851
4432.858195 1.032107
4433.058188 0.965875
4433.258182 1.019566
4433.458176 1.023867
4433.658169 1.006782
4433.858163 1.007171
4434.058156 1.040283
4434.258150 1.010928
4434.458144 0.979086
4434.658137 0.946313
4434.858131 0.940008
4435.058124 1.006234
4435.258118 0.984176
4435.458112 1.010038
4435.658105 0.978872
4435.858099 1.011017
4436.058092 0.999294
4436.258086 1.025939
4436.458080 1.007346
4436.658073 1.043965
4436.858067 1.021296
4437.058060 0.984321
4437.258054 0.992064
4437.458048 0.996860
4437.658041 0.974592
4437.858035 1.012726
4438.058028 1.036553
4438.258022 1.023749
4438.458016 1.019221
4438.658009 0.965296
4438.858003 0.972912
4439.057996 0.990635
4439.257990 1.014326
4439.457984 0.909257
4439.657977 1.001655
4439.857971 0.969647
4440.057965 0.982494
4440.257958 1.010294
4440.457952 1.004273
4440.657945 0.991416
4440.857939 1.022156
4441.057933 1.016341
4441.257926 0.961350
4441.457920 0.952141
4441.657913 1.015556
4441.857907 1.010634
4442.057901 0.961017
4442.257894 0.970196
4442.457888 0.980380
4442.657881 1.076308
4442.857875 1.021097
4443.057869 0.999628
4443.257862 1.008976
4443.457856 1.042791
4443.657849 1.026214
4443.857843 1.013893
4444.057837 0.981755
4444.257830 1.002673
4444.457824 1.015504
4444.657817 1.013460
4444.857811 0.982060
4445.057805 1.027647
4445.257798 0.983077
4445.457792 1.005855
4445.657785 1.071295
4445.857779 1.002027
4446.057773 0.975374
4446.257766 0.990155
4446.457760 1.024966
4446.657753 0.961048
4446.857747 0.969343
4447.057741 0.969046
4447.257734 0.977779
4447.457728 1.016317
4447.657721 0.966714
4447.857715 1.029965
4448.057709 1.014550
4448.257702 1.035847
4448.457696 0.940461
4448.657689 1.021165
4448.857683 0.966393
4449.057677 0.994288
4449.257670 1.004387
4449.457664 1.016031
4449.657657 0.967161
4449.857651 1.012504
4450.057645 0.970360
4450.257638 0.973603
4450.457632 0.958077
4450.657625 1.007460
4450.857619 1.052895
4451.057613 0.991789
4451.257606 1.012196
4451.457600 1.016805
4451.657593 0.997893
4451.857587 0.975825
4452.057581 1.070900
4452.257574 1.053944
4452.457568 1.109218
4452.657561 1.022906
4452.857555 1.027018
4453.057549 1.018654
4453.257542 1.042231
4453.457536 1.054471
4453.657529 0.971979
4453.857523 0.966801
4454.057517 1.012300
4454.257510 0.975585
4454.457504 1.008403
4454.657497 1.022596
4454.857491 1.004346
4455.057485 0.977866
4455.257478 1.050482
4455.457472 0.995903
4455.657465 0.996637
4455.857459 0.967804
4456.057453 1.001327
4456.257446 1.044495
4456.457440 1.060725
4456.657433 1.036525
4456.857427 0.997894
4457.057421 0.997103
4457.257414 1.048688
4457.457408 0.951257
4457.657402 1.011407
4457.857395 1.035817
4458.057389 0.993874
4458.257382 1.031202
4458.457376 1.014483
4458.657370 1.024792
4458.857363 0.979407
4459.057357 1.063369
4459.257350 1.020948
4459.457344 1.037836
4459.657338 1.062757
4459.857331 0.982545
4460.057325 0.931860
4460.257318 1.023385
4460.457312 1.069677
4460.657306 0.968828
4460.857299 0.980920
4461.057293 0.982790
4461.257286 1.001289
4461.457280 1.061622
4461.657274 0.987899
4461.857267 1.021694
4462.057261 1.023317
4462.257254 0.996225
4462.457248 1.018476
4462.657242 1.058386
4462.857235 1.007771
4463.057229 1.069167
4463.257222 1.045215
4463.457216 1.024425
4463.657210 0.988745
4463.857203 0.965594
4464.057197 1.011656
4464.257190 1.021415
4464.457184 0.975977
4464.657178 0.956092
4464.857171 0.947148
4465.057165 0.989230
4465.257158 1.024702
4465.457152 0.947657
4465.657146 0.986676
4465.857139 0.956426
4466.057133 0.996551
4466.257126 0.994198
4466.457120 1.025217
4466.657114 1.020501
4466.857107 0.952708
4467.057101 0.981000
4467.257094 1.060017
4467.457088 1.091473
4467.657082 0.984652
4467.857075 1.020896
4468.057069 1.004101
4468.257062 0.955531
4468.457056 0.974206
4468.657050 0.934481
4468.857043 0.979413
4469.057037 0.989468
4469.257030 0.977595
4469.457024 1.019392
4469.657018 0.946541
4469.857011 0.967656
4470.057005 1.014247
4470.256998 0.993995
4470.456992 0.989058
4470.656986 0.993745
4470.856979 0.976009
4471.056973 0.967830
4471.256966 0.951745
4471.456960 0.928077
4471.656954 0.901358
4471.856947 0.967145
4472.056941 0.901445
4472.256934 0.878870
4472.456928 0.931431
4472.656922 0.869388
4472.856915 0.878684
4473.056909 0.879890
4473.256902 0.798135
4473.456896 0.797331
4473.656890 0.773237
4473.856883 0.821644
4474.056877 0.819733
4474.256870 0.774699
4474.456864 0.781823
4474.656858 0.832463
4474.856851 0.867363
4475.056845 0.839940
4475.256839 0.858248
4475.456832 0.909402
4475.656826 0.903857
4475.856819 0.939608
4476.056813 0.896799
4476.256807 0.907703
4476.456800 0.989788
4476.656794 1.000224
4476.856787 0.961034
4477.056781 0.899806
4477.256775 0.983892
4477.456768 0.954096
4477.656762 0.993657
4477.856755 0.990059
4478.056749 1.027088
4478.256743 0.966426
4478.456736 1.003722
4478.656730 1.021217
4478.856723 0.971298
4479.056717 1.021218
4479.256711 1.031301
4479.456704 0.938887
4479.656698 0.952596
4479.856691 0.926920
4480.056685 0.950257
4480.256679 0.966573
4480.456672 0.999798
4480.656666 0.983696
4480.856659 1.060268
4481.056653 1.003221
4481.256647 1.031544
4481.456640 0.976707
4481.656634 0.961731
4481.856627 0.963835
4482.056621 0.992695
4482.256615 1.042914
4482.456608 1.051863
4482.656602 1.030248
4482.856595 0.989515
4483.056589 0.991768
4483.256583 0.970109
4483.456576 1.030164
4483.656570 1.037746
4483.856563 1.035372
4484.056557 0.973165
4484.256551 0.922488
4484.456544 1.028721
4484.656538 0.994531
4484.856531 0.952844
4485.056525 1.002077
4485.256519 0.975635
4485.456512 1.018614
4485.656506 0.948600
4485.856499 1.030536
4486.056493 1.005434
4486.256487 0.975051
4486.456480 0.953775
4486.656474 0.995518
4486.856467 0.948245
4487.056461 1.058420
4487.256455 0.993965
4487.456448 1.016067
4487.656442 1.079055
4487.856435 1.019687
4488.056429 1.073127
4488.256423 0.996343
4488.456416 0.963719
4488.656410 1.040787
4488.856403 1.023628
4489.056397 1.002160
4489.256391 0.993032
4489.456384 1.010926
4489.656378 1.039334
4489.856371 1.014247
4490.056365 1.022397
4490.256359 1.005001
4490.456352 1.012388
4490.656346 1.036698
4490.856339 1.026604
4491.056333 1.022715
4491.256327 1.009993
4491.456320 0.992537
4491.656314 1.032507
4491.856307 0.993597
4492.056301 0.945577
4492.256295 0.974263
4492.456288 1.017961
4492.656282 1.048264
4492.856276 1.042322
4493.056269 1.026978
4493.256263 0.964922
4493.456256 0.999914
4493.656250 1.016666
4493.856244 1.019376
4494.056237 0.980856
4494.256231 0.997422
4494.456224 0.985609
4494.656218 0.919003
4494.856212 1.023404
4495.056205 1.038184
4495.256199 1.049326
4495.456192 1.010231
4495.656186 0.984715
4495.856180 1.055198
4496.056173 1.025955
4496.256167 1.053460
4496.456160 1.017305
4496.656154 1.045419
4496.856148 1.017154
4497.056141 1.059942
4497.256135 1.060608
4497.456128 1.054016
4497.656122 1.009665
4497.856116 0.981982
4498.056109 0.979438
4498.256103 0.982479
4498.456096 1.037695
4498.656090 0.991472
4498.856084 1.014925
4499.056077 1.022468
4499.256071 0.998638
4499.456064 0.998445
4499.656058 1.048442
4499.856052 0.995147
4500.056045 1.005097
4500.256039 1.066481
4500.456032 1.011114
4500.656026 1.013354
4500.856020 1.006509
4501.056013 1.063833
4501.256007 1.034351
4501.456000 1.040389
4501.655994 0.988861
4501.855988 1.031628
4502.055981 1.007500
4502.255975 1.014502
4502.455968 0.982878
4502.655962 1.029487
4502.855956 1.021725
4503.055949 0.999520
4503.255943 1.029207
4503.455936 1.051916
4503.655930 1.018095
4503.855924 1.048540
4504.055917 1.018090
4504.255911 1.043411
4504.455904 1.038320
4504.655898 1.066107
4504.855892 1.052242
4505.055885 1.061444
4505.255879 0.997610
4505.455872 1.050073
4505.655866 1.040010
4505.855860 1.035768
4506.055853 1.064813
4506.255847 1.068070
4506.455840 1.070463
4506.655834 1.046250
4506.855828 1.017030
4507.055821 1.018380
4507.255815 0.975442
4507.455808 1.055606
4507.655802 1.033643
4507.855796 0.996074
4508.055789 1.044140
4508.255783 0.979070
4508.455776 0.972136
4508.655770 1.004874
4508.855764 1.004393
4509.055757 0.975419
4509.255751 1.088640
4509.455744 0.982456
4509.655738 1.007751
4509.855732 1.027573
4510.055725 0.983814
4510.255719 1.013937
4510.455713 1.042966
4510.655706 1.013730
4510.855700 1.024011
4511.055693 1.018200
4511.255687 0.989949
4511.455681 0.978421
4511.655674 1.012454
4511.855668 0.991569
4512.055661 0.939172
4512.255655 1.000536
4512.455649 1.030598
4512.655642 1.020619
4512.855636 0.983986
4513.055629 0.959379
4513.255623 0.956032
4513.455617 0.989668
4513.655610 1.024763
4513.855604 1.033511
4514.055597 1.013334
4514.255591 1.030672
4514.455585 1.050411
4514.655578 1.070299
4514.855572 1.087497
4515.055565 0.999352
4515.255559 0.945512
4515.455553 1.062138
4515.655546 1.064386
4515.855540 1.063952
4516.055533 0.981198
4516.255527 0.997174
4516.455521 1.042852
4516.655514 0.992104
4516.855508 0.972927
4517.055501 1.000994
4517.255495 1.002566
4517.455489 0.935279
4517.655482 1.007352
4517.855476 0.974016
4518.055469 0.967732
4518.255463 1.028000
4518.455457 1.045598
4518.655450 1.028357
4518.855444 1.015654
4519.055437 1.000920
4519.255431 1.008523
4519.455425 1.025991
4519.655418 1.065175
4519.855412 1.041080
4520.055405 1.009860
4520.255399 0.971829
4520.455393 1.046296
4520.655386 0.994174
4520.855380 1.011863
4521.055373 1.019580
4521.255367 0.996966
4521.455361 1.053389
4521.655354 1.002700
4521.855348 0.967696
4522.055341 1.041288
4522.255335 1.019767
4522.455329 0.921346
4522.655322 1.012380
4522.855316 1.021827
4523.055309 0.963740
4523.255303 1.025291
4523.455297 0.994108
4523.655290 1.007155
4523.855284 1.033764
4524.055277 1.013637
4524.255271 0.995381
4524.455265 0.958265
4524.655258 0.968711
4524.855252 0.960489
4525.055245 1.059050
4525.255239 1.040509
4525.455233 1.005648
4525.655226 0.958824
4525.855220 1.021327
4526.055213 0.916824
4526.255207 1.050267
4526.455201 0.990579
4526.655194 0.961994
4526.855188 1.004874
4527.055181 1.046359
4527.255175 0.989861
4527.455169 1.037890
4527.655162 0.986007
4527.855156 0.967022
4528.055150 1.047881
4528.255143 0.998435
4528.455137 0.973642
4528.655130 1.015596
4528.855124 0.996120
4529.055118 1.032755
4529.255111 1.053948
4529.455105 1.034093
4529.655098 0.994699
4529.855092 0.973477
4530.055086 0.974961
4530.255079 1.006909
4530.455073 1.014841
4530.655066 0.998911
4530.855060 0.993260
4531.055054 1.038591
4531.255047 1.061144
4531.455041 1.095866
4531.655034 0.969868
4531.855028 0.971289
4532.055022 1.048463
4532.255015 1.048601
4532.455009 1.010947
4532.655002 1.013248
4532.854996 1.004252
4533.054990 1.014884
4533.254983 1.009813
4533.454977 1.034771
4533.654970 1.039877
4533.854964 1.005973
4534.054958 0.958516
4534.254951 1.018816
4534.454945 0.997565
4534.654938 1.028458
4534.854932 1.042436
4535.054926 0.966433
4535.254919 1.029782
4535.454913 0.959424
4535.654906 1.012880
4535.854900 0.989134
4536.054894 1.018698
4536.254887 1.000319
4536.454881 0.984292
4536.654874 0.985700
4536.854868 1.038059
4537.054862 1.030817
4537.254855 0.965498
4537.454849 1.011265
4537.654842 0.968750
4537.854836 0.977347
4538.054830 1.063086
4538.254823 0.966489
4538.454817 1.054756
4538.654810 0.966662
4538.854804 1.043977
4539.054798 1.034899
4539.254791 0.979317
4539.454785 0.994725
4539.654778 0.993375
4539.854772 0.994717
4540.054766 0.935042
4540.254759 0.994981
4540.454753 0.991623
4540.654746 0.986774
4540.854740 1.004881
4541.054734 0.986621
4541.254727 1.058671
4541.454721 1.023038
4541.654714 0.953514
4541.854708 1.009572
4542.054702 1.012790
4542.254695 0.923297
4542.454689 0.995608
4542.654682 1.107197
4542.854676 1.005828
4543.054670 1.066823
4543.254663 1.037243
4543.454657 0.980735
4543.654650 0.971732
4543.854644 1.021861
4544.054638 1.044864
4544.254631 1.049881
4544.454625 0.952302
4544.654619 0.963985
4544.854612 0.999818
4545.054606 0.991218
4545.254599 1.005399
4545.454593 1.060725
4545.654587 0.984929
4545.854580 1.013884
4546.054574 0.951201
4546.254567 1.067418
4546.454561 1.021044
4546.654555 1.007115
4546.854548 1.062729
4547.054542 1.012091
4547.254535 1.021625
4547.454529 0.970965
4547.654523 0.960844
4547.854516 1.078472
4548.054510 1.011416
4548.254503 0.962624
4548.454497 1.042078
4548.654491 1.001939
4548.854484 0.967611
4549.054478 1.026660
4549.254471 0.932734
4549.454465 1.004739
4549.654459 1.004929
4549.854452 1.033812
4550.054446 1.027313
4550.254439 1.000169
4550.454433 1.033588
4550.654427 0.974399
4550.854420 1.051157
4551.054414 0.962389
4551.254407 1.039768
4551.454401 1.074815
4551.654395 0.993262
4551.854388 1.044539
4552.054382 0.969915
4552.254375 0.994615
4552.454369 1.000070
4552.654363 0.967194
4552.854356 0.996565
4553.054350 0.984788
4553.254343 0.970504
4553.454337 1.012682
4553.654331 1.025195
4553.854324 0.993200
4554.054318 0.970762
4554.254311 0.991139
4554.454305 0.956401
4554.654299 0.966115
4554.854292 1.000321
4555.054286 0.935873
4555.254279 1.001801
4555.454273 1.021028
4555.654267 1.029857
4555.854260 0.931247
4556.054254 0.913069
4556.254247 0.917317
4556.454241 0.867204
4556.654235 1.064185
4556.854228 0.901540
4557.054222 0.992440
4557.254215 0.981898
4557.454209 1.021816
4557.654203 0.935835
4557.854196 0.960612
4558.054190 0.971765
4558.254183 0.885716
4558.454177 0.922404
4558.654171 1.000892
4558.854164 1.019545
4559.054158 1.049265
4559.254151 0.965957
4559.454145 0.976027
4559.654139 1.028133
4559.854132 1.016775
4560.054126 1.057420
4560.254119 1.011626
4560.454113 0.990763
4560.654107 0.994802
4560.854100 0.974968
4561.054094 0.962130
4561.254087 1.027221
4561.454081 0.994092
4561.654075 0.886886
4561.854068 1.032250
4562.054062 1.023609
4562.254056 0.999948
4562.454049 1.034263
4562.654043 0.987430
4562.854036 1.007683
4563.054030 0.976154
4563.254024 0.983730
4563.454017 0.947053
4563.654011 1.026438
4563.854004 1.036244
4564.053998 0.932022
4564.253992 0.978089
4564.453985 1.091621
4564.653979 -0.280531
4564.853972 -0.269462
4565.053966 -0.284771
4565.253960 -0.248417
4565.453953 -0.260625
4565.653947 -0.287597
4565.853940 -0.262990
4566.053934 -0.267290
4566.253928 -0.265408
4566.453921 -0.245530
4566.653915 -0.236873
4566.853908 -0.000011
4567.053902 0.000003
4567.253896 -0.000001
4567.453889 0.000000
4567.653883 -0.000000
4567.853876 0.000000
4568.053870 -0.000000
4568.253864 0.000000
4568.453857 -0.000000
4568.653851 0.000000
4568.853844 -0.000000
4569.053838 0.000000
4569.253832 -0.000000
4569.453825 0.000000
4569.653819 -0.000000
4569.853812 0.000000
4570.053806 -0.000000
4570.253800 0.000000
4570.453793 -0.000000
4570.653787 0.000000
4570.853780 -0.000000
