3959.868423 0.968670
3960.068417 0.947607
3960.268410 1.003110
3960.468403 1.018659
3960.668397 1.021444
3960.868390 1.057772
3961.068383 0.896163
3961.268377 0.978275
3961.468370 0.950138
3961.668364 0.970658
3961.868357 1.129046
3962.068350 1.033932
3962.268344 0.929201
3962.468337 1.178502
3962.668330 1.011109
3962.868324 1.013132
3963.068317 0.964403
3963.268310 0.884131
3963.468304 0.981002
3963.668297 0.845782
3963.868290 0.927473
3964.068284 0.957630
3964.268277 0.953988
3964.468270 1.013900
3964.668264 0.830065
3964.868257 0.949421
3965.068251 0.922069
3965.268244 0.923854
3965.468237 0.832981
3965.668231 0.943445
3965.868224 0.907128
3966.068217 0.872698
3966.268211 0.828022
3966.468204 0.801726
3966.668197 0.864574
3966.868191 0.885213
3967.068184 0.877196
3967.268177 0.976495
3967.468171 0.886593
3967.668164 0.841892
3967.868158 0.730280
3968.068151 0.792043
3968.268144 0.733432
3968.468138 0.818502
3968.668131 0.721593
3968.868124 0.663024
3969.068118 0.783297
3969.268111 0.684210
3969.468104 0.763873
3969.668098 0.706727
3969.868091 0.741538
3970.068084 0.684203
3970.268078 0.680035
3970.468071 0.730824
3970.668064 0.637063
3970.868058 0.627554
3971.068051 0.658179
3971.268045 0.543293
3971.468038 0.707328
3971.668031 0.710524
3971.868025 0.753881
3972.068018 0.785667
3972.268011 0.714436
3972.468005 0.739114
3972.667998 0.805847
3972.867991 0.662960
3973.067985 0.667877
3973.267978 0.658661
3973.467971 0.714141
3973.667965 0.660677
3973.867958 0.644421
3974.067952 0.699129
3974.267945 0.856154
3974.467938 0.784686
3974.667932 0.775657
3974.867925 0.714938
3975.067918 0.833374
3975.267912 0.754453
3975.467905 0.867626
3975.667898 0.710972
3975.867892 0.837205
3976.067885 0.869072
3976.267878 0.809830
3976.467872 0.786341
3976.667865 0.893112
3976.867858 0.909623
3977.067852 0.839356
3977.267845 0.829672
3977.467839 0.817575
3977.667832 0.921861
3977.867825 0.932563
3978.067819 0.804825
3978.267812 0.896845
3978.467805 0.926623
3978.667799 1.010436
3978.867792 0.907769
3979.067785 1.014301
3979.267779 0.891042
3979.467772 0.882271
3979.667765 1.033776
3979.867759 0.933857
3980.067752 0.980311
3980.267746 1.076165
3980.467739 0.988540
3980.667732 0.938977
3980.867726 0.838763
3981.067719 0.993463
3981.267712 0.978589
3981.467706 0.935884
3981.667699 0.947168
3981.867692 1.040964
3982.067686 1.051877
3982.267679 0.997088
3982.467672 1.016597
3982.667666 1.001491
3982.867659 0.984058
3983.067652 0.977157
3983.267646 0.983125
3983.467639 1.060603
3983.667633 0.985888
3983.867626 1.019639
3984.067619 0.954645
3984.267613 0.995523
3984.467606 0.933317
3984.667599 1.069493
3984.867593 1.005795
3985.067586 0.900826
3985.267579 0.979374
3985.467573 0.985870
3985.667566 1.102238
3985.867559 1.050967
3986.067553 1.046168
3986.267546 0.978038
3986.467540 0.975526
3986.667533 1.085302
3986.867526 1.168495
3987.067520 0.982760
3987.267513 1.007409
3987.467506 1.165977
3987.667500 1.121661
3987.867493 1.081324
3988.067486 1.080865
3988.267480 1.033671
3988.467473 1.085478
3988.667466 1.027593
3988.867460 1.065358
3989.067453 1.129987
3989.267446 1.056347
3989.467440 1.066113
3989.667433 0.976545
3989.867427 0.965116
3990.067420 1.071389
3990.267413 0.988453
3990.467407 1.054056
3990.667400 1.013782
3990.867393 1.084965
3991.067387 1.119662
3991.267380 1.050596
3991.467373 1.073482
3991.667367 0.991860
3991.867360 0.995319
3992.067353 1.106988
3992.267347 1.032985
3992.467340 1.025394
3992.667334 1.087415
3992.867327 1.098187
3993.067320 1.083355
3993.267314 1.031957
3993.467307 1.024533
3993.667300 1.010222
3993.867294 1.087984
3994.067287 1.066018
3994.267280 1.036909
3994.467274 1.031916
3994.667267 1.087598
3994.867260 0.979822
3995.067254 0.998067
3995.267247 1.034358
3995.467240 1.081262
3995.667234 1.092099
3995.867227 1.089079
3996.067221 1.128330
3996.267214 0.963960
3996.467207 1.061655
3996.667201 0.937362
3996.867194 0.979623
3997.067187 1.023212
3997.267181 0.992209
3997.467174 1.160702
3997.667167 1.136096
3997.867161 1.127277
3998.067154 1.097456
3998.267147 1.093893
3998.467141 1.057563
3998.667134 1.064412
3998.867128 0.965727
3999.067121 1.103979
3999.267114 0.965723
3999.467108 0.986063
3999.667101 1.054299
3999.867094 1.045941
4000.067088 0.919079
4000.267081 1.113089
4000.467074 1.065286
4000.667068 0.995660
4000.867061 1.114639
4001.067054 1.021210
4001.267048 1.040684
4001.467041 1.051990
4001.667034 1.140252
4001.867028 1.089457
4002.067021 1.086686
4002.267015 1.018015
4002.467008 1.020427
4002.667001 0.951898
4002.866995 1.087323
4003.066988 0.922888
4003.266981 1.006239
4003.466975 1.044486
4003.666968 1.145437
4003.866961 1.107081
4004.066955 0.975608
4004.266948 0.902215
4004.466941 0.987538
4004.666935 1.085902
4004.866928 1.020004
4005.066922 1.067395
4005.266915 1.217243
4005.466908 1.043861
4005.666902 1.077718
4005.866895 1.061908
4006.066888 1.208606
4006.266882 1.211968
4006.466875 1.109536
4006.666868 0.987229
4006.866862 1.024116
4007.066855 0.924308
4007.266848 1.025209
4007.466842 1.046697
4007.666835 1.019866
4007.866828 1.065782
4008.066822 0.977864
4008.266815 1.026443
4008.466809 0.979056
4008.666802 1.008938
4008.866795 1.012660
4009.066789 0.953220
4009.266782 1.050911
4009.466775 1.004673
4009.666769 1.003202
4009.866762 0.987141
4010.066755 0.899360
4010.266749 1.024767
4010.466742 0.974654
4010.666735 1.021848
4010.866729 1.005942
4011.066722 0.978036
4011.266715 0.992335
4011.466709 0.862474
4011.666702 0.949522
4011.866696 1.003123
4012.066689 0.993599
4012.266682 1.063689
4012.466676 1.036387
4012.666669 1.081820
4012.866662 1.072859
4013.066656 1.056698
4013.266649 1.061321
4013.466642 1.057231
4013.666636 1.053523
4013.866629 1.041746
4014.066622 1.005051
4014.266616 1.053940
4014.466609 0.960138
4014.666603 1.005723
4014.866596 0.980372
4015.066589 1.116143
4015.266583 1.015779
4015.466576 0.941589
4015.666569 1.080123
4015.866563 1.097020
4016.066556 1.010554
4016.266549 1.097058
4016.466543 0.878825
4016.666536 0.973558
4016.866529 1.071443
4017.066523 1.088475
4017.266516 0.978801
4017.466509 1.019629
4017.666503 1.068022
4017.866496 0.938232
4018.066490 0.982842
4018.266483 0.984931
4018.466476 0.972408
4018.666470 1.059224
4018.866463 0.965120
4019.066456 1.019408
4019.266450 1.180061
4019.466443 0.996399
4019.666436 1.094485
4019.866430 0.997125
4020.066423 1.004933
4020.266416 1.067245
4020.466410 1.088059
4020.666403 1.006649
4020.866397 0.991123
4021.066390 1.042537
4021.266383 0.934692
4021.466377 1.008814
4021.666370 0.972831
4021.866363 0.950055
4022.066357 0.998047
4022.266350 0.957216
4022.466343 0.953214
4022.666337 0.984003
4022.866330 1.000376
4023.066323 0.973131
4023.266317 0.993659
4023.466310 0.929251
4023.666303 0.995017
4023.866297 1.075734
4024.066290 1.055538
4024.266284 0.979544
4024.466277 1.082512
4024.666270 0.956818
4024.866264 0.904517
4025.066257 0.966904
4025.266250 1.008099
4025.466244 0.870837
4025.666237 0.890076
4025.866230 0.901468
4026.066224 0.940096
4026.266217 0.841251
4026.466210 1.049267
4026.666204 0.879957
4026.866197 0.895813
4027.066191 0.883454
4027.266184 0.965854
4027.466177 0.896615
4027.666171 1.020824
4027.866164 0.825802
4028.066157 0.923346
4028.266151 0.916166
4028.466144 0.951809
4028.666137 0.912234
4028.866131 1.064256
4029.066124 0.891934
4029.266117 0.873474
4029.466111 0.920240
4029.666104 0.897624
4029.866097 0.865840
4030.066091 0.936167
4030.266084 0.872556
4030.466078 1.041857
4030.666071 0.962637
4030.866064 1.049614
4031.066058 0.885394
4031.266051 0.821756
4031.466044 0.947591
4031.666038 0.945269
4031.866031 1.041428
4032.066024 1.016902
4032.266018 0.994601
4032.466011 1.013962
4032.666004 0.929359
4032.865998 0.978180
4033.065991 0.957199
4033.265985 0.941231
4033.465978 1.080770
4033.665971 1.060724
4033.865965 1.106793
4034.065958 1.066741
4034.265951 1.021773
4034.465945 1.042119
4034.665938 0.988096
4034.865931 1.029414
4035.065925 1.045886
4035.265918 1.069450
4035.465911 1.082419
4035.665905 0.995257
4035.865898 1.090750
4036.065891 1.040903
4036.265885 0.978928
4036.465878 1.022438
4036.665872 0.998063
4036.865865 0.926437
4037.065858 1.095541
4037.265852 1.021627
4037.465845 0.997305
4037.665838 1.018236
4037.865832 1.039167
4038.065825 0.999790
4038.265818 1.015274
4038.465812 0.956694
4038.665805 1.002809
4038.865798 0.979657
4039.065792 0.842389
4039.265785 1.165973
4039.465779 1.097976
4039.665772 1.012098
4039.865765 0.947896
4040.065759 0.907114
4040.265752 0.938324
4040.465745 1.048030
4040.665739 0.976834
4040.865732 0.963406
4041.065725 0.971658
4041.265719 1.077493
4041.465712 0.885216
4041.665705 1.238724
4041.865699 0.966734
4042.065692 1.041185
4042.265685 1.125146
4042.465679 0.985600
4042.665672 1.014614
4042.865666 1.013115
4043.065659 1.005550
4043.265652 0.909079
4043.465646 0.964682
4043.665639 1.001261
4043.865632 0.993134
4044.065626 0.997064
4044.265619 1.034476
4044.465612 1.060683
4044.665606 1.091558
4044.865599 1.095591
4045.065592 1.003164
4045.265586 1.063591
4045.465579 1.023587
4045.665573 0.955053
4045.865566 0.978825
4046.065559 0.998596
4046.265553 1.090683
4046.465546 0.998839
4046.665539 1.082412
4046.865533 1.080735
4047.065526 0.994598
4047.265519 0.995919
4047.465513 1.083497
4047.665506 0.923794
4047.865499 1.054162
4048.065493 0.933112
4048.265486 1.009921
4048.465479 1.010550
4048.665473 1.111281
4048.865466 0.942057
4049.065460 1.088590
4049.265453 1.028794
4049.465446 0.988484
4049.665440 0.938714
4049.865433 1.078121
4050.065426 1.005498
4050.265420 0.982952
4050.465413 0.942740
4050.665406 0.882284
4050.865400 1.053462
4051.065393 0.956725
4051.265386 0.934481
4051.465380 0.982011
4051.665373 1.032317
4051.865367 1.061739
4052.065360 0.955245
4052.265353 1.045105
4052.465347 0.949938
4052.665340 0.996767
4052.865333 1.075027
4053.065327 0.977522
4053.265320 0.991804
4053.465313 1.058017
4053.665307 0.969734
4053.865300 1.104551
4054.065293 1.063486
4054.265287 0.904945
4054.465280 1.164934
4054.665273 0.985107
4054.865267 1.058727
4055.065260 1.061744
4055.265254 1.005710
4055.465247 0.998499
4055.665240 1.003949
4055.865234 0.962479
4056.065227 0.994325
4056.265220 1.064879
4056.465214 1.103655
4056.665207 1.101086
4056.865200 1.012944
4057.065194 1.045073
4057.265187 1.063975
4057.465180 0.972349
4057.665174 1.003962
4057.865167 1.007571
4058.065161 0.877239
4058.265154 1.065179
4058.465147 1.022075
4058.665141 1.104116
4058.865134 0.929836
4059.065127 1.107796
4059.265121 1.020289
4059.465114 1.043041
4059.665107 0.996435
4059.865101 1.009493
4060.065094 0.984851
4060.265087 1.030357
4060.465081 0.974508
4060.665074 0.985650
4060.865067 1.002096
4061.065061 1.049330
4061.265054 1.038105
4061.465048 1.058478
4061.665041 1.081272
4061.865034 1.004068
4062.065028 1.014612
4062.265021 0.948227
4062.465014 1.046171
4062.665008 1.028414
4062.865001 0.966323
4063.064994 1.062104
4063.264988 1.018048
4063.464981 0.960377
4063.664974 1.001182
4063.864968 0.883499
4064.064961 0.995627
4064.264954 0.982038
4064.464948 1.031644
4064.664941 0.964210
4064.864935 1.014192
4065.064928 0.985929
4065.264921 1.077849
4065.464915 0.986760
4065.664908 0.968773
4065.864901 0.940916
4066.064895 0.864599
4066.264888 1.027095
4066.464881 1.095977
4066.664875 1.020995
4066.864868 0.987685
4067.064861 1.025224
4067.264855 0.999592
4067.464848 0.951331
4067.664842 1.049558
4067.864835 0.939970
4068.064828 1.044960
4068.264822 0.964444
4068.464815 1.024075
4068.664808 0.987153
4068.864802 1.065605
4069.064795 0.968524
4069.264788 0.996219
4069.464782 0.952807
4069.664775 1.066234
4069.864768 1.069294
4070.064762 0.992616
4070.264755 1.009407
4070.464748 1.076292
4070.664742 0.979242
4070.864735 1.013399
4071.064729 0.930143
4071.264722 1.004179
4071.464715 1.051079
4071.664709 1.022854
4071.864702 1.035820
4072.064695 0.944714
4072.264689 0.901852
4072.464682 0.994531
4072.664675 0.918963
4072.864669 1.000112
4073.064662 0.908930
4073.264655 1.015528
4073.464649 1.078559
4073.664642 1.137450
4073.864636 1.081284
4074.064629 1.065267
4074.264622 0.991562
4074.464616 0.938066
4074.664609 0.988680
4074.864602 0.938150
4075.064596 0.992795
4075.264589 0.943343
4075.464582 0.963622
4075.664576 0.966292
4075.864569 1.039637
4076.064562 1.049033
4076.264556 1.020133
4076.464549 0.982841
4076.664542 0.943967
4076.864536 1.053277
4077.064529 1.056209
4077.264523 1.030028
4077.464516 1.096941
4077.664509 1.064590
4077.864503 1.052756
4078.064496 1.052484
4078.264489 1.037861
4078.464483 0.952657
4078.664476 0.988901
4078.864469 1.004252
4079.064463 1.016640
4079.264456 1.018466
4079.464449 0.926113
4079.664443 0.978262
4079.864436 0.974255
4080.064430 0.994723
4080.264423 0.980568
4080.464416 1.027951
4080.664410 1.065024
4080.864403 1.018302
4081.064396 0.937113
4081.264390 0.929637
4081.464383 0.970126
4081.664376 1.002701
4081.864370 1.010438
4082.064363 0.937328
4082.264356 0.945774
4082.464350 0.968222
4082.664343 0.915055
4082.864336 1.023030
4083.064330 1.006370
4083.264323 1.062303
4083.464317 0.993193
4083.664310 1.052698
4083.864303 1.011698
4084.064297 0.988189
4084.264290 1.031328
4084.464283 0.979310
4084.664277 0.994116
4084.864270 0.950172
4085.064263 0.922180
4085.264257 0.919760
4085.464250 0.951600
4085.664243 1.057616
4085.864237 0.947157
4086.064230 0.958687
4086.264224 1.020688
4086.464217 1.025777
4086.664210 1.051086
4086.864204 1.015779
4087.064197 1.021628
4087.264190 0.965350
4087.464184 0.963067
4087.664177 0.968790
4087.864170 0.989035
4088.064164 1.000323
4088.264157 0.955715
4088.464150 0.925020
4088.664144 0.951170
4088.864137 1.044132
4089.064130 0.931721
4089.264124 1.001091
4089.464117 1.019172
4089.664111 0.985674
4089.864104 0.960586
4090.064097 0.937087
4090.264091 1.012760
4090.464084 0.994279
4090.664077 1.020771
4090.864071 0.821484
4091.064064 0.865381
4091.264057 1.027212
4091.464051 0.955305
4091.664044 0.930493
4091.864037 1.023448
4092.064031 1.016286
4092.264024 0.875306
4092.464018 0.971967
4092.664011 1.043271
4092.864004 0.921800
4093.063998 0.957306
4093.263991 0.928406
4093.463984 0.980359
4093.663978 0.960227
4093.863971 0.943102
4094.063964 0.998096
4094.263958 0.989453
4094.463951 0.915064
4094.663944 0.967548
4094.863938 0.923048
4095.063931 0.950136
4095.263924 0.972685
4095.463918 0.918539
4095.663911 0.972548
4095.863905 0.963013
4096.063898 0.945881
4096.263891 0.880231
4096.463885 0.899875
4096.663878 0.858344
4096.863871 0.849003
4097.063865 0.839333
4097.263858 0.877056
4097.463851 0.947246
4097.663845 0.983411
4097.863838 0.808399
4098.063831 0.833601
4098.263825 0.865232
4098.463818 0.869465
4098.663812 0.788455
4098.863805 0.853452
4099.063798 0.873175
4099.263792 0.842634
4099.463785 0.847830
4099.663778 0.819116
4099.863772 0.774803
4100.063765 0.770421
4100.263758 0.764161
4100.463752 0.760767
4100.663745 0.690390
4100.863738 0.786272
4101.063732 0.752240
4101.263725 0.653060
4101.463718 0.725410
4101.663712 0.696944
4101.863705 0.737809
4102.063699 0.678063
4102.263692 0.704106
4102.463685 0.697374
4102.663679 0.677455
4102.863672 0.770811
4103.063665 0.726706
4103.263659 0.700545
4103.463652 0.787029
4103.663645 0.779019
4103.863639 0.650344
4104.063632 0.763898
4104.263625 0.664168
4104.463619 0.755556
4104.663612 0.736275
4104.863606 0.748968
4105.063599 0.695248
4105.263592 0.687255
4105.463586 0.655460
4105.663579 0.733238
4105.863572 0.782648
4106.063566 0.741062
4106.263559 0.685220
4106.463552 0.766417
4106.663546 0.725261
4106.863539 0.729747
4107.063532 0.718092
4107.263526 0.759827
4107.463519 0.795566
4107.663512 0.807975
4107.863506 0.751624
4108.063499 0.825392
4108.263493 0.808076
4108.463486 0.844264
4108.663479 0.811436
4108.863473 0.811661
4109.063466 0.881952
4109.263459 0.811252
4109.463453 0.814164
4109.663446 0.839304
4109.863439 0.873203
4110.063433 0.896035
4110.263426 0.865515
4110.463419 0.863243
4110.663413 0.848935
4110.863406 0.895353
4111.063399 0.906074
4111.263393 0.938145
4111.463386 0.945293
4111.663380 0.889230
4111.863373 0.902231
4112.063366 0.987526
4112.263360 0.914663
4112.463353 0.900456
4112.663346 0.835996
4112.863340 0.934635
4113.063333 1.002630
4113.263326 0.922908
4113.463320 0.931926
4113.663313 0.930339
4113.863306 0.946712
4114.063300 0.978440
4114.263293 0.872930
4114.463287 0.984465
4114.663280 0.985081
4114.863273 0.971370
4115.063267 0.920164
4115.263260 1.008171
4115.463253 1.001808
4115.663247 0.997371
4115.863240 0.979971
4116.063233 0.931156
4116.263227 1.032829
4116.463220 0.976188
4116.663213 1.025551
4116.863207 0.964812
4117.063200 1.020533
4117.263193 1.004866
4117.463187 1.037619
4117.663180 0.991062
4117.863174 0.962676
4118.063167 1.003453
4118.263160 1.047452
4118.463154 1.006774
4118.663147 0.909490
4118.863140 1.009297
4119.063134 0.941776
4119.263127 1.032702
4119.463120 0.963013
4119.663114 1.018956
4119.863107 0.942822
4120.063100 1.009102
4120.263094 0.976736
4120.463087 0.945746
4120.663081 0.926090
4120.863074 0.978413
4121.063067 0.963249
4121.263061 0.986443
4121.463054 1.004678
4121.663047 1.003441
4121.863041 0.980045
4122.063034 0.999494
4122.263027 0.952223
4122.463021 1.038333
4122.663014 0.929064
4122.863007 0.989061
4123.063001 0.958654
4123.262994 0.924173
4123.462987 0.960904
4123.662981 0.993580
4123.862974 0.987104
4124.062968 0.962558
4124.262961 0.977100
4124.462954 0.902425
4124.662948 0.911686
4124.862941 0.915445
4125.062934 0.958486
4125.262928 1.023479
4125.462921 0.978446
4125.662914 0.972333
4125.862908 0.975406
4126.062901 1.045268
4126.262894 1.012552
4126.462888 1.062074
4126.662881 1.005471
4126.862875 1.027906
4127.062868 1.036197
4127.262861 1.046065
4127.462855 0.945306
4127.662848 0.956942
4127.862841 1.021318
4128.062835 1.010562
4128.262828 1.093711
4128.462821 0.959226
4128.662815 1.008420
4128.862808 0.954411
4129.062801 0.899432
4129.262795 0.923206
4129.462788 1.057693
4129.662781 0.931612
4129.862775 1.073216
4130.062768 0.967226
4130.262762 0.992922
4130.462755 0.893979
4130.662748 0.972068
4130.862742 0.983017
4131.062735 1.027048
4131.262728 1.045215
4131.462722 1.019784
4131.662715 0.999636
4131.862708 0.973136
4132.062702 1.022572
4132.262695 1.069033
4132.462688 0.947945
4132.662682 1.037935
4132.862675 0.955796
4133.062669 0.967272
4133.262662 0.945461
4133.462655 1.007911
4133.662649 0.980774
4133.862642 1.017360
4134.062635 0.995633
4134.262629 0.988705
4134.462622 1.014967
4134.662615 1.067213
4134.862609 1.013445
4135.062602 0.991464
4135.262595 0.994127
4135.462589 1.044915
4135.662582 1.012005
4135.862575 1.064400
4136.062569 1.047079
4136.262562 1.026758
4136.462556 1.033081
4136.662549 1.005261
4136.862542 0.962656
4137.062536 1.058010
4137.262529 1.032781
4137.462522 0.951241
4137.662516 1.056181
4137.862509 1.066677
4138.062502 1.035107
4138.262496 1.022780
4138.462489 0.982171
4138.662482 1.019225
4138.862476 1.011377
4139.062469 0.951950
4139.262463 1.009189
4139.462456 0.994403
4139.662449 1.121770
4139.862443 1.041559
4140.062436 1.006668
4140.262429 1.025489
4140.462423 1.039417
4140.662416 0.991017
4140.862409 0.974878
4141.062403 1.094474
4141.262396 1.085010
4141.462389 0.956956
4141.662383 0.981610
4141.862376 0.992925
4142.062369 0.972640
4142.262363 0.935145
4142.462356 1.021027
4142.662350 0.982545
4142.862343 0.857045
4143.062336 0.918228
4143.262330 0.963833
4143.462323 0.945086
4143.662316 0.941985
4143.862310 0.950915
4144.062303 0.977969
4144.262296 0.988405
4144.462290 1.038941
4144.662283 0.961993
4144.862276 0.956706
4145.062270 0.947487
4145.262263 0.862377
4145.462257 0.959155
4145.662250 0.947216
4145.862243 1.001680
4146.062237 0.945905
4146.262230 0.958226
4146.462223 0.981757
4146.662217 1.002600
4146.862210 0.991451
4147.062203 0.888164
4147.262197 0.912116
4147.462190 0.907992
4147.662183 0.941400
4147.862177 0.957940
4148.062170 0.958023
4148.262163 0.995103
4148.462157 0.986925
4148.662150 1.055445
4148.862144 1.010457
4149.062137 1.055923
4149.262130 1.012129
4149.462124 1.031060
4149.662117 0.955376
4149.862110 1.046343
4150.062104 0.961938
4150.262097 1.041230
4150.462090 1.032958
4150.662084 1.027863
4150.862077 0.981036
4151.062070 0.912065
4151.262064 0.948825
4151.462057 0.935530
4151.662051 1.028159
4151.862044 0.951072
4152.062037 1.047863
4152.262031 0.909605
4152.462024 1.054564
4152.662017 1.028421
4152.862011 1.034179
4153.062004 0.948545
4153.261997 0.970977
4153.461991 1.081233
4153.661984 0.982238
4153.861977 0.998225
4154.061971 0.974386
4154.261964 1.020072
4154.461957 1.015214
4154.661951 1.020949
4154.861944 0.948787
4155.061938 0.963260
4155.261931 0.979564
4155.461924 1.047412
4155.661918 1.005462
4155.861911 1.016112
4156.061904 0.924312
4156.261898 1.037796
4156.461891 0.984023
4156.661884 0.985914
4156.861878 1.030286
4157.061871 1.074807
4157.261864 1.042156
4157.461858 1.018907
4157.661851 0.977470
4157.861845 1.056302
4158.061838 0.965054
4158.261831 1.007590
4158.461825 0.971254
4158.661818 0.976885
4158.861811 1.005951
4159.061805 1.005853
4159.261798 0.943988
4159.461791 1.013553
4159.661785 1.025976
4159.861778 1.022521
4160.061771 1.024642
4160.261765 0.996480
4160.461758 1.018137
4160.661751 1.050575
4160.861745 0.998403
4161.061738 1.028023
4161.261732 1.029918
4161.461725 0.983344
4161.661718 1.011543
4161.861712 1.079176
4162.061705 1.042024
4162.261698 1.045644
4162.461692 1.048777
4162.661685 0.953019
4162.861678 0.975625
4163.061672 1.004750
4163.261665 1.091468
4163.461658 1.069899
4163.661652 1.020508
4163.861645 0.955732
4164.061638 1.056219
4164.261632 1.056904
4164.461625 1.055208
4164.661619 1.058106
4164.861612 0.983493
4165.061605 1.021188
4165.261599 0.991274
4165.461592 0.978049
4165.661585 1.041139
4165.861579 1.057277
4166.061572 0.994163
4166.261565 0.975113
4166.461559 1.051090
4166.661552 1.045355
4166.861545 0.974534
4167.061539 0.994259
4167.261532 1.040822
4167.461526 1.046146
4167.661519 1.051005
4167.861512 0.913887
4168.061506 0.947040
4168.261499 0.916322
4168.461492 0.933264
4168.661486 0.955076
4168.861479 1.008506
4169.061472 0.987242
4169.261466 1.033531
4169.461459 0.984343
4169.661452 0.988608
4169.861446 0.962930
4170.061439 0.900195
4170.261432 1.022802
4170.461426 0.992395
4170.661419 1.077969
4170.861413 0.990344
4171.061406 0.972739
4171.261399 1.036092
4171.461393 1.053799
4171.661386 1.009212
4171.861379 0.982999
4172.061373 0.923805
4172.261366 0.992775
4172.461359 0.928967
4172.661353 0.971485
4172.861346 1.005214
4173.061339 1.041256
4173.261333 1.062991
4173.461326 1.055530
4173.661320 1.087672
4173.861313 1.032060
4174.061306 1.121774
4174.261300 1.052008
4174.461293 0.978819
4174.661286 0.990104
4174.861280 1.067574
4175.061273 1.021731
4175.261266 0.949566
4175.461260 0.991205
4175.661253 0.996089
4175.861246 1.065851
4176.061240 1.089447
4176.261233 0.988203
4176.461226 0.973779
4176.661220 1.044590
4176.861213 1.028382
4177.061207 1.000372
4177.261200 1.017141
4177.461193 1.027280
4177.661187 1.059763
4177.861180 1.000960
4178.061173 1.024742
4178.261167 1.053104
4178.461160 1.023062
4178.661153 0.955662
4178.861147 1.023111
4179.061140 0.978651
4179.261133 1.048041
4179.461127 0.967772
4179.661120 0.990439
4179.861114 1.040627
4180.061107 1.070409
4180.261100 0.967573
4180.461094 1.009583
4180.661087 1.022492
4180.861080 0.989929
4181.061074 1.012794
4181.261067 0.980077
4181.461060 1.008537
4181.661054 1.029206
4181.861047 1.038032
4182.061040 1.071904
4182.261034 0.969900
4182.461027 1.052278
4182.661020 1.068355
4182.861014 0.979317
4183.061007 1.023019
4183.261001 1.028663
4183.460994 1.038966
4183.660987 1.021349
4183.860981 0.949053
4184.060974 0.936510
4184.260967 0.944161
4184.460961 0.996557
4184.660954 1.006582
4184.860947 1.036656
4185.060941 1.035757
4185.260934 0.998534
4185.460927 1.042486
4185.660921 1.047966
4185.860914 1.055951
4186.060908 1.019644
4186.260901 0.929943
4186.460894 0.931378
4186.660888 1.051262
4186.860881 0.955448
4187.060874 1.007107
4187.260868 1.051070
4187.460861 1.019747
4187.660854 0.993917
4187.860848 1.005598
4188.060841 1.038580
4188.260834 1.007799
4188.460828 1.077031
4188.660821 1.056647
4188.860814 1.084180
4189.060808 0.991953
4189.260801 1.025814
4189.460795 0.993342
4189.660788 1.031011
4189.860781 0.969644
4190.060775 1.055961
4190.260768 0.934058
4190.460761 1.059989
4190.660755 0.984379
4190.860748 0.995895
4191.060741 1.028266
4191.260735 1.023823
4191.460728 1.009040
4191.660721 0.995544
4191.860715 0.955398
4192.060708 1.000362
4192.260702 1.058472
4192.460695 1.013517
4192.660688 0.997846
4192.860682 1.046878
4193.060675 1.025998
4193.260668 0.974250
4193.460662 1.014192
4193.660655 1.024626
4193.860648 1.024288
4194.060642 1.047015
4194.260635 1.037630
4194.460628 0.986519
4194.660622 1.052119
4194.860615 0.973840
4195.060608 1.016694
4195.260602 1.087955
4195.460595 1.020938
4195.660589 0.980308
4195.860582 1.003474
4196.060575 1.060429
4196.260569 1.014424
4196.460562 1.000475
4196.660555 1.046544
4196.860549 0.990107
4197.060542 0.972014
4197.260535 1.052031
4197.460529 0.955566
4197.660522 1.064713
4197.860515 0.976223
4198.060509 1.007458
4198.260502 1.077295
4198.460496 1.038749
4198.660489 1.031501
4198.860482 0.958804
4199.060476 1.047693
4199.260469 1.033277
4199.460462 1.030308
4199.660456 1.015199
4199.860449 0.999412
4200.060442 0.954899
4200.260436 0.999313
4200.460429 1.020537
4200.660422 0.962172
4200.860416 0.993621
4201.060409 1.037869
4201.260402 1.089609
4201.460396 0.996412
4201.660389 0.995557
4201.860383 0.978745
4202.060376 0.973796
4202.260369 0.995909
4202.460363 1.058951
4202.660356 1.018335
4202.860349 1.032432
4203.060343 1.017645
4203.260336 1.075200
4203.460329 1.086811
4203.660323 1.111997
4203.860316 1.038713
4204.060309 1.063434
4204.260303 1.058519
4204.460296 0.997129
4204.660290 0.994411
4204.860283 0.994888
4205.060276 1.062634
4205.260270 1.035895
4205.460263 1.074465
4205.660256 1.008303
4205.860250 1.014749
4206.060243 1.012504
4206.260236 1.023141
4206.460230 0.966177
4206.660223 1.029502
4206.860216 1.022202
4207.060210 1.032654
4207.260203 1.011147
4207.460196 1.045104
4207.660190 0.982608
4207.860183 0.992565
4208.060177 1.014577
4208.260170 1.021747
4208.460163 0.994668
4208.660157 1.027329
4208.860150 1.040990
4209.060143 1.037995
4209.260137 0.976219
4209.460130 1.056791
4209.660123 1.063515
4209.860117 1.106999
4210.060110 1.006605
4210.260103 1.015942
4210.460097 1.006915
4210.660090 1.024773
4210.860084 0.966984
4211.060077 0.990280
4211.260070 0.994462
4211.460064 0.997720
4211.660057 1.071140
4211.860050 1.054723
4212.060044 1.032930
4212.260037 1.024735
4212.460030 1.050166
4212.660024 0.950253
4212.860017 0.983234
4213.060010 1.049381
4213.260004 1.093760
4213.459997 1.080822
4213.659990 1.050126
4213.859984 0.993365
4214.059977 0.953604
4214.259971 0.984329
4214.459964 1.010443
4214.659957 1.017804
4214.859951 0.993485
4215.059944 1.022854
4215.259937 1.071784
4215.459931 1.071323
4215.659924 1.036268
4215.859917 0.966129
4216.059911 1.109080
4216.259904 0.976974
4216.459897 0.998314
4216.659891 1.018308
4216.859884 0.932768
4217.059877 0.988338
4217.259871 0.988021
4217.459864 0.948787
4217.659858 1.009513
4217.859851 0.956052
4218.059844 1.065425
4218.259838 1.042374
4218.459831 1.040521
4218.659824 1.079519
4218.859818 0.973465
4219.059811 0.987635
4219.259804 1.093594
4219.459798 0.983208
4219.659791 1.082893
4219.859784 1.021170
4220.059778 0.981178
4220.259771 1.021982
4220.459765 1.100519
4220.659758 0.999699
4220.859751 1.008754
4221.059745 0.993451
4221.259738 1.058578
4221.459731 1.104314
4221.659725 1.009480
4221.859718 1.073296
4222.059711 1.022666
4222.259705 1.006660
4222.459698 0.914290
4222.659691 1.016174
4222.859685 1.051429
4223.059678 1.057326
4223.259671 0.981949
4223.459665 1.068749
4223.659658 1.018841
4223.859652 0.973725
4224.059645 1.042848
4224.259638 1.026513
4224.459632 1.040133
4224.659625 1.021500
4224.859618 0.956765
4225.059612 1.021388
4225.259605 1.004857
4225.459598 0.989204
4225.659592 0.966468
4225.859585 1.039935
4226.059578 1.013466
4226.259572 1.011963
4226.459565 1.013750
4226.659559 1.013432
4226.859552 0.995355
4227.059545 1.011227
4227.259539 1.067741
4227.459532 1.023193
4227.659525 0.983424
4227.859519 1.128019
4228.059512 1.008101
4228.259505 1.032017
4228.459499 1.007583
4228.659492 0.956795
4228.859485 1.009852
4229.059479 1.072662
4229.259472 1.076063
4229.459465 0.940464
4229.659459 1.009278
4229.859452 1.062052
4230.059446 1.066476
4230.259439 1.050845
4230.459432 1.063729
4230.659426 1.068274
4230.859419 0.976588
4231.059412 1.010481
4231.259406 0.944658
4231.459399 1.001195
4231.659392 0.995697
4231.859386 1.025537
4232.059379 1.026406
4232.259372 1.066617
4232.459366 1.012311
4232.659359 1.018163
4232.859353 1.079623
4233.059346 1.030362
4233.259339 0.981832
4233.459333 1.024619
4233.659326 1.015660
4233.859319 0.983239
4234.059313 1.020658
4234.259306 1.021253
4234.459299 1.024167
4234.659293 1.049424
4234.859286 1.051859
4235.059279 1.042426
4235.259273 1.001022
4235.459266 0.943579
4235.659259 1.049177
4235.859253 0.988486
4236.059246 1.060963
4236.259240 1.046767
4236.459233 1.004074
4236.659226 0.956971
4236.859220 1.077496
4237.059213 0.947533
4237.259206 1.011700
4237.459200 0.939576
4237.659193 0.995661
4237.859186 1.007888
4238.059180 1.018223
4238.259173 1.054251
4238.459166 1.016551
4238.659160 1.034774
4238.859153 1.024475
4239.059147 1.032194
4239.259140 1.070638
4239.459133 1.103588
4239.659127 0.975127
4239.859120 1.029161
4240.059113 1.036117
4240.259107 0.944689
4240.459100 1.025429
4240.659093 0.977391
4240.859087 1.018193
4241.059080 1.027434
4241.259073 1.025350
4241.459067 1.065943
4241.659060 0.966477
4241.859053 1.040482
4242.059047 1.014010
4242.259040 1.043059
4242.459034 1.019846
4242.659027 1.016394
4242.859020 0.969476
4243.059014 0.963815
4243.259007 0.980875
4243.459000 1.051599
4243.658994 0.974891
4243.858987 1.028744
4244.058980 1.036087
4244.258974 1.025737
4244.458967 1.025531
4244.658960 0.992874
4244.858954 1.035015
4245.058947 1.030213
4245.258941 0.993289
4245.458934 1.019868
4245.658927 0.979967
4245.858921 0.971588
4246.058914 1.025010
4246.258907 0.964598
4246.458901 0.972303
4246.658894 1.047308
4246.858887 1.017638
4247.058881 1.032360
4247.258874 1.039685
4247.458867 1.057533
4247.658861 0.954984
4247.858854 1.001548
4248.058847 0.999902
4248.258841 1.040243
4248.458834 1.013580
4248.658828 1.000774
4248.858821 1.035006
4249.058814 0.979337
4249.258808 1.031595
4249.458801 1.025119
4249.658794 1.031723
4249.858788 0.995744
4250.058781 1.045297
4250.258774 1.027260
4250.458768 1.046746
4250.658761 1.041471
4250.858754 1.032105
4251.058748 0.948794
4251.258741 0.978427
4251.458735 1.071514
4251.658728 1.035788
4251.858721 0.997327
4252.058715 1.058854
4252.258708 1.023472
4252.458701 0.995583
4252.658695 1.040574
4252.858688 1.002498
4253.058681 1.065485
4253.258675 1.015622
4253.458668 1.022161
4253.658661 0.980087
4253.858655 1.037625
4254.058648 1.014494
4254.258641 1.024849
4254.458635 1.005086
4254.658628 0.929156
4254.858622 0.969506
4255.058615 0.935385
4255.258608 1.003015
4255.458602 1.045694
4255.658595 0.929778
4255.858588 1.008514
4256.058582 1.003016
4256.258575 1.034706
4256.458568 1.061630
4256.658562 1.070534
4256.858555 1.067308
4257.058548 0.952073
4257.258542 1.033349
4257.458535 0.976815
4257.658529 1.008054
4257.858522 1.029526
4258.058515 1.032608
4258.258509 1.080266
4258.458502 1.089528
4258.658495 0.957355
4258.858489 1.012607
4259.058482 1.018106
4259.258475 1.015933
4259.458469 0.998835
4259.658462 0.988572
4259.858455 1.016485
4260.058449 1.003951
4260.258442 0.952098
4260.458435 0.985427
4260.658429 0.899177
4260.858422 1.042435
4261.058416 1.011692
4261.258409 1.030658
4261.458402 0.958955
4261.658396 1.057297
4261.858389 0.957995
4262.058382 0.973110
4262.258376 1.030848
4262.458369 1.027145
4262.658362 1.003633
4262.858356 0.928930
4263.058349 1.000179
4263.258342 1.003661
4263.458336 1.001688
4263.658329 1.032465
4263.858323 1.024674
4264.058316 1.022932
4264.258309 0.964620
4264.458303 0.989733
4264.658296 1.025853
4264.858289 1.003631
4265.058283 0.965717
4265.258276 0.982431
4265.458269 0.977954
4265.658263 0.982902
4265.858256 0.957643
4266.058249 0.997435
4266.258243 1.083155
4266.458236 1.054335
4266.658229 0.984160
4266.858223 0.995682
4267.058216 1.049187
4267.258210 1.054826
4267.458203 1.097116
4267.658196 1.083960
4267.858190 0.974248
4268.058183 1.002404
4268.258176 1.011983
4268.458170 0.999542
4268.658163 0.976610
4268.858156 1.025350
4269.058150 0.992166
4269.258143 1.018385
4269.458136 0.940641
4269.658130 0.989401
4269.858123 1.001160
4270.058116 0.941358
4270.258110 0.953022
4270.458103 1.064917
4270.658097 1.003636
4270.858090 1.055471
4271.058083 1.077397
4271.258077 1.011970
4271.458070 1.087747
4271.658063 1.028782
4271.858057 1.065695
4272.058050 1.015150
4272.258043 1.021040
4272.458037 1.006286
4272.658030 1.024689
4272.858023 0.984113
4273.058017 1.012760
4273.258010 1.001088
4273.458004 1.006055
4273.657997 1.089993
4273.857990 1.047579
4274.057984 0.997182
4274.257977 1.033925
4274.457970 1.004830
4274.657964 1.011378
4274.857957 0.990058
4275.057950 0.969192
4275.257944 1.053560
4275.457937 0.936355
4275.657930 0.949538
4275.857924 0.993616
4276.057917 0.991472
4276.257910 0.995691
4276.457904 0.967013
4276.657897 1.045992
4276.857891 1.003258
4277.057884 0.995282
4277.257877 0.961839
4277.457871 0.952965
4277.657864 1.000124
4277.857857 1.006657
4278.057851 1.025125
4278.257844 1.025602
4278.457837 0.967202
4278.657831 0.994992
4278.857824 1.003743
4279.057817 1.041947
4279.257811 1.009831
4279.457804 1.010198
4279.657798 0.985139
4279.857791 1.008633
4280.057784 0.971902
4280.257778 0.959125
4280.457771 0.931265
4280.657764 0.972852
4280.857758 0.979627
4281.057751 0.955707
4281.257744 1.052935
4281.457738 0.999375
4281.657731 1.038277
4281.857724 1.030131
4282.057718 0.990076
4282.257711 0.993823
4282.457704 0.922784
4282.657698 0.929763
4282.857691 1.027513
4283.057685 1.034501
4283.257678 0.947578
4283.457671 1.031086
4283.657665 0.988423
4283.857658 0.982678
4284.057651 1.003950
4284.257645 1.030787
4284.457638 1.002846
4284.657631 0.983196
4284.857625 0.958815
4285.057618 1.017210
4285.257611 0.999065
4285.457605 1.078537
4285.657598 1.033177
4285.857592 0.968802
4286.057585 0.978337
4286.257578 1.039827
4286.457572 1.025996
4286.657565 0.984740
4286.857558 1.015840
4287.057552 0.973234
4287.257545 0.955241
4287.457538 1.027913
4287.657532 0.980147
4287.857525 1.045698
4288.057518 0.979987
4288.257512 0.981953
4288.457505 1.011929
4288.657498 1.033636
4288.857492 1.088524
4289.057485 0.951461
4289.257479 0.984214
4289.457472 0.964654
4289.657465 0.992916
4289.857459 1.004353
4290.057452 0.965726
4290.257445 0.943869
4290.457439 0.990312
4290.657432 1.001646
4290.857425 1.085263
4291.057419 1.037031
4291.257412 1.002250
4291.457405 0.925828
4291.657399 0.910991
4291.857392 0.966599
4292.057386 0.991152
4292.257379 1.001721
4292.457372 0.995502
4292.657366 0.969544
4292.857359 1.003564
4293.057352 1.001598
4293.257346 0.969765
4293.457339 1.005019
4293.657332 1.031796
4293.857326 0.983599
4294.057319 1.034820
4294.257312 0.986657
4294.457306 1.000462
4294.657299 1.025955
4294.857292 1.005986
4295.057286 0.917312
4295.257279 0.991167
4295.457273 0.947022
4295.657266 0.973364
4295.857259 1.038145
4296.057253 1.009567
4296.257246 0.956900
4296.457239 1.011386
4296.657233 1.044526
4296.857226 1.008479
4297.057219 1.031499
4297.257213 1.001770
4297.457206 0.945866
4297.657199 1.046157
4297.857193 1.030863
4298.057186 0.991526
4298.257180 1.010338
4298.457173 1.036886
4298.657166 0.981880
4298.857160 1.013438
4299.057153 1.021524
4299.257146 0.959413
4299.457140 1.092134
4299.657133 1.040313
4299.857126 0.959393
4300.057120 0.972176
4300.257113 1.004528
4300.457106 0.994094
4300.657100 1.001234
4300.857093 1.012816
4301.057086 0.987831
4301.257080 0.928411
4301.457073 1.041424
4301.657067 0.951021
4301.857060 1.030746
4302.057053 0.977366
4302.257047 1.001330
4302.457040 0.995844
4302.657033 1.068082
4302.857027 1.011039
4303.057020 0.978911
4303.257013 0.898519
4303.457007 1.022327
4303.657000 1.024750
4303.856993 1.091886
4304.056987 0.944341
4304.256980 0.933915
4304.456974 1.067512
4304.656967 0.968241
4304.856960 1.016485
4305.056954 1.014132
4305.256947 0.920523
4305.456940 0.974177
4305.656934 0.939388
4305.856927 1.009193
4306.056920 0.989616
4306.256914 0.963490
4306.456907 1.045673
4306.656900 0.989846
4306.856894 1.012338
4307.056887 0.960185
4307.256880 0.999658
4307.456874 0.996627
4307.656867 1.009377
4307.856861 0.953695
4308.056854 1.051406
4308.256847 0.995445
4308.456841 0.973639
4308.656834 1.005862
4308.856827 0.934501
4309.056821 0.927890
4309.256814 0.956276
4309.456807 0.962953
4309.656801 0.971110
4309.856794 0.938865
4310.056787 0.968935
4310.256781 0.939099
4310.456774 0.952522
4310.656768 0.968505
4310.856761 0.959429
4311.056754 0.941181
4311.256748 0.946031
4311.456741 1.001786
4311.656734 1.025320
4311.856728 1.033127
4312.056721 0.936656
4312.256714 1.009954
4312.456708 1.014887
4312.656701 0.919310
4312.856694 1.079969
4313.056688 0.980636
4313.256681 1.000124
4313.456674 0.988904
4313.656668 1.048066
4313.856661 0.966778
4314.056655 0.963372
4314.256648 0.946693
4314.456641 0.967691
4314.656635 0.990422
4314.856628 0.999260
4315.056621 1.007638
4315.256615 0.954308
4315.456608 0.986282
4315.656601 0.959575
4315.856595 0.986177
4316.056588 0.972548
4316.256581 0.964427
4316.456575 0.966312
4316.656568 1.012697
4316.856562 1.028380
4317.056555 0.932194
4317.256548 1.032069
4317.456542 1.014369
4317.656535 0.984609
4317.856528 0.975676
4318.056522 0.928261
4318.256515 0.962416
4318.456508 0.977608
4318.656502 0.922970
4318.856495 0.949145
4319.056488 0.997573
4319.256482 0.987518
4319.456475 0.991718
4319.656468 0.980000
4319.856462 1.049095
4320.056455 1.037506
4320.256449 1.000377
4320.456442 1.007495
4320.656435 1.038226
4320.856429 1.012959
4321.056422 1.079779
4321.256415 1.014788
4321.456409 0.975947
4321.656402 1.000690
4321.856395 0.921208
4322.056389 0.964989
4322.256382 0.978106
4322.456375 1.036309
4322.656369 0.968538
4322.856362 0.908045
4323.056355 0.990705
4323.256349 1.004234
4323.456342 1.007038
4323.656336 1.034542
4323.856329 0.952959
4324.056322 0.953167
4324.256316 1.033463
4324.456309 0.953035
4324.656302 1.015602
4324.856296 0.988759
4325.056289 0.973716
4325.256282 0.943226
4325.456276 0.975941
4325.656269 0.991600
4325.856262 0.960453
4326.056256 0.957309
4326.256249 0.947926
4326.456243 1.022553
4326.656236 0.961612
4326.856229 0.973255
4327.056223 0.959921
4327.256216 0.907998
4327.456209 1.010085
4327.656203 1.016116
4327.856196 1.064400
4328.056189 0.949974
4328.256183 0.974603
4328.456176 0.975560
4328.656169 0.950738
4328.856163 0.976974
4329.056156 0.915771
4329.256149 0.987516
4329.456143 0.869832
4329.656136 0.931098
4329.856130 0.935525
4330.056123 0.948739
4330.256116 0.970861
4330.456110 0.955191
4330.656103 0.966010
4330.856096 0.882414
4331.056090 0.900051
4331.256083 0.958257
4331.456076 0.947093
4331.656070 0.959479
4331.856063 1.038380
4332.056056 0.939462
4332.256050 0.980776
4332.456043 0.954626
4332.656037 0.923232
4332.856030 0.961319
4333.056023 0.896225
4333.256017 0.848585
4333.456010 0.898285
4333.656003 0.946645
4333.855997 0.814558
4334.055990 0.875799
4334.255983 0.914040
4334.455977 0.910111
4334.655970 0.906412
4334.855963 0.828842
4335.055957 0.830710
4335.255950 0.948627
4335.455943 0.916101
4335.655937 0.914724
4335.855930 0.907196
4336.055924 0.924152
4336.255917 0.943004
4336.455910 0.828908
4336.655904 0.785845
4336.855897 0.852882
4337.055890 0.851606
4337.255884 0.865734
4337.455877 0.944297
4337.655870 0.821167
4337.855864 0.888862
4338.055857 0.848795
4338.255850 0.793122
4338.455844 0.821396
4338.655837 0.863704
4338.855831 0.804811
4339.055824 0.784574
4339.255817 0.737641
4339.455811 0.742048
4339.655804 0.758328
4339.855797 0.805353
4340.055791 0.709118
4340.255784 0.676468
4340.455777 0.688168
4340.655771 0.714958
4340.855764 0.665542
4341.055757 0.673687
4341.255751 0.676001
4341.455744 0.690270
4341.655737 0.672272
4341.855731 0.720490
4342.055724 0.707356
4342.255718 0.733464
4342.455711 0.689459
4342.655704 0.785746
4342.855698 0.867220
4343.055691 0.813303
4343.255684 0.740039
4343.455678 0.755794
4343.655671 0.759345
4343.855664 0.694969
4344.055658 0.758686
4344.255651 0.796292
4344.455644 0.682866
4344.655638 0.702964
4344.855631 0.636687
4345.055625 0.698991
4345.255618 0.727298
4345.455611 0.663719
4345.655605 0.727562
4345.855598 0.760233
4346.055591 0.736341
4346.255585 0.782589
4346.455578 0.834703
4346.655571 0.809175
4346.855565 0.856334
4347.055558 0.888814
4347.255551 0.841170
4347.455545 0.773300
4347.655538 0.824503
4347.855531 0.849946
4348.055525 0.824393
4348.255518 0.798310
4348.455512 0.878189
4348.655505 0.860825
4348.855498 0.910389
4349.055492 0.831005
4349.255485 0.871847
4349.455478 0.832677
4349.655472 0.910144
4349.855465 0.963281
4350.055458 0.847939
4350.255452 0.868688
4350.455445 0.914661
4350.655438 0.924690
4350.855432 0.910677
4351.055425 0.913119
4351.255419 0.938311
4351.455412 0.908983
4351.655405 0.883567
4351.855399 0.859712
4352.055392 0.920514
4352.255385 0.950831
4352.455379 0.871380
4352.655372 0.903141
4352.855365 0.964712
4353.055359 0.915810
4353.255352 0.901876
4353.455345 0.915251
4353.655339 0.918878
4353.855332 0.914129
4354.055325 0.960094
4354.255319 0.905420
4354.455312 0.888732
4354.655306 0.986867
4354.855299 0.945118
4355.055292 0.954933
4355.255286 0.896013
4355.455279 0.978154
4355.655272 0.966872
4355.855266 0.925443
4356.055259 0.992336
4356.255252 0.994600
4356.455246 0.989438
4356.655239 1.016277
4356.855232 1.021686
4357.055226 0.988573
4357.255219 1.006841
4357.455213 0.980266
4357.655206 1.017066
4357.855199 0.945862
4358.055193 0.985210
4358.255186 0.999669
4358.455179 1.034038
4358.655173 0.978559
4358.855166 0.970027
4359.055159 0.984461
4359.255153 0.968913
4359.455146 0.944054
4359.655139 0.995262
4359.855133 0.985904
4360.055126 0.974445
4360.255119 0.913701
4360.455113 0.949326
4360.655106 0.990365
4360.855100 1.039587
4361.055093 0.997140
4361.255086 0.997487
4361.455080 1.034969
4361.655073 0.993379
4361.855066 1.032607
4362.055060 1.012834
4362.255053 1.042922
4362.455046 1.018082
4362.655040 1.025458
4362.855033 0.996532
4363.055026 1.064230
4363.255020 0.985966
4363.455013 1.020126
4363.655007 0.979407
4363.855000 1.031859
4364.054993 1.002784
4364.254987 1.015077
4364.454980 1.017612
4364.654973 0.980441
4364.854967 1.026810
4365.054960 1.011470
4365.254953 0.995612
4365.454947 1.010709
4365.654940 0.964441
4365.854933 0.955900
4366.054927 0.966158
4366.254920 1.025225
4366.454913 1.043084
4366.654907 1.004431
4366.854900 1.026043
4367.054894 0.993922
4367.254887 1.026545
4367.454880 0.983553
4367.654874 0.996600
4367.854867 0.979853
4368.054860 1.015773
4368.254854 1.019533
4368.454847 1.022806
4368.654840 0.993651
4368.854834 0.984516
4369.054827 1.034656
4369.254820 1.011456
4369.454814 0.997152
4369.654807 0.941746
4369.854800 0.955865
4370.054794 0.986976
4370.254787 1.004275
4370.454781 0.960312
4370.654774 0.957693
4370.854767 1.075696
4371.054761 1.020801
4371.254754 1.045285
4371.454747 1.034236
4371.654741 1.017931
4371.854734 1.030797
4372.054727 1.016335
4372.254721 0.966079
4372.454714 0.982919
4372.654707 1.053278
4372.854701 0.943940
4373.054694 1.032762
4373.254688 0.971333
4373.454681 1.037197
4373.654674 0.999442
4373.854668 0.989927
4374.054661 0.993489
4374.254654 1.027172
4374.454648 0.974839
4374.654641 1.028858
4374.854634 0.992926
4375.054628 1.034403
4375.254621 1.021829
4375.454614 0.976067
4375.654608 1.075802
4375.854601 0.959773
4376.054594 0.979582
4376.254588 0.998643
4376.454581 1.024502
4376.654575 0.961673
4376.854568 0.976204
4377.054561 1.035328
4377.254555 1.021393
4377.454548 0.974838
4377.654541 0.959025
4377.854535 1.001563
4378.054528 1.053779
4378.254521 1.071799
4378.454515 1.083808
4378.654508 1.008601
4378.854501 1.007400
4379.054495 1.082471
4379.254488 0.970650
4379.454482 1.020123
4379.654475 1.024176
4379.854468 0.998475
4380.054462 1.022756
4380.254455 1.016117
4380.454448 1.045853
4380.654442 0.990055
4380.854435 1.003472
4381.054428 1.008110
4381.254422 1.024726
4381.454415 0.994959
4381.654408 0.986829
4381.854402 1.003964
4382.054395 1.011666
4382.254388 0.971294
4382.454382 0.997768
4382.654375 0.963254
4382.854369 0.956559
4383.054362 0.991097
4383.254355 0.996996
4383.454349 0.980161
4383.654342 1.039035
4383.854335 0.998259
4384.054329 1.054222
4384.254322 1.076229
4384.454315 0.976737
4384.654309 0.952882
4384.854302 0.981003
4385.054295 1.061197
4385.254289 1.053196
4385.454282 0.971847
4385.654276 0.957186
4385.854269 0.958795
4386.054262 0.933437
4386.254256 0.963022
4386.454249 0.951202
4386.654242 0.947614
4386.854236 0.988551
4387.054229 1.005031
4387.254222 0.965355
4387.454216 0.981363
4387.654209 0.889687
4387.854202 0.892510
4388.054196 0.893645
4388.254189 0.940939
4388.454182 0.851334
4388.654176 0.929728
4388.854169 0.893577
4389.054163 0.865135
4389.254156 0.889634
4389.454149 0.868265
4389.654143 0.932831
4389.854136 1.019855
4390.054129 0.870645
4390.254123 1.022525
4390.454116 0.861929
4390.654109 0.971359
4390.854103 0.913948
4391.054096 0.914002
4391.254089 0.891904
4391.454083 0.875067
4391.654076 0.833368
4391.854070 0.926056
4392.054063 0.884303
4392.254056 0.873827
4392.454050 0.887092
4392.654043 0.911261
4392.854036 0.976516
4393.054030 0.988730
4393.254023 0.899347
4393.454016 0.989721
4393.654010 0.947011
4393.854003 0.971857
4394.053996 0.916323
4394.253990 0.938552
4394.453983 0.952158
4394.653976 0.939510
4394.853970 1.000300
4395.053963 0.965862
4395.253957 0.951973
4395.453950 1.008446
4395.653943 0.972155
4395.853937 0.994872
4396.053930 1.000907
4396.253923 1.048734
4396.453917 1.020611
4396.653910 1.021778
4396.853903 0.999564
4397.053897 1.019881
4397.253890 0.976299
4397.453883 1.002133
4397.653877 1.054166
4397.853870 0.958466
4398.053864 0.974220
4398.253857 1.008187
4398.453850 1.009581
4398.653844 0.940555
4398.853837 1.001244
4399.053830 0.975416
4399.253824 1.013164
4399.453817 0.968627
4399.653810 1.028346
4399.853804 0.945684
4400.053797 1.014710
4400.253790 1.064305
4400.453784 1.041778
4400.653777 0.945786
4400.853770 0.972505
4401.053764 1.014272
4401.253757 0.989105
4401.453751 0.959154
4401.653744 1.021047
4401.853737 0.972485
4402.053731 0.972008
4402.253724 0.987818
4402.453717 1.020668
4402.653711 1.024719
4402.853704 1.029017
4403.053697 0.958983
4403.253691 0.990362
4403.453684 1.057748
4403.653677 1.008922
4403.853671 0.996528
4404.053664 1.069570
4404.253658 0.984194
4404.453651 0.961005
4404.653644 1.037563
4404.853638 1.001910
4405.053631 1.039100
4405.253624 1.065261
4405.453618 0.968399
4405.653611 1.042967
4405.853604 0.987572
4406.053598 1.023458
4406.253591 0.997621
4406.453584 1.008453
4406.653578 1.005038
4406.853571 0.995141
4407.053564 1.013807
4407.253558 1.028111
4407.453551 1.011489
4407.653545 1.020963
4407.853538 1.046709
4408.053531 1.060052
4408.253525 1.013102
4408.453518 1.009244
4408.653511 0.944867
4408.853505 1.012583
4409.053498 0.934618
4409.253491 0.967894
4409.453485 0.942583
4409.653478 0.996014
4409.853471 0.959092
4410.053465 1.018505
4410.253458 1.010319
4410.453452 1.047194
4410.653445 1.004631
4410.853438 1.006637
4411.053432 0.975802
4411.253425 0.985558
4411.453418 1.077685
4411.653412 1.057175
4411.853405 1.027067
4412.053398 1.015304
4412.253392 0.999307
4412.453385 0.984824
4412.653378 0.972851
4412.853372 1.002427
4413.053365 0.976546
4413.253358 1.039429
4413.453352 1.008759
4413.653345 1.010179
4413.853339 1.052764
4414.053332 0.967200
4414.253325 0.970941
4414.453319 0.972321
4414.653312 1.033107
4414.853305 1.053161
4415.053299 1.076376
4415.253292 0.974745
4415.453285 0.999610
4415.653279 0.989692
4415.853272 0.983948
4416.053265 1.027419
4416.253259 0.953196
4416.453252 0.960508
4416.653246 0.934556
4416.853239 1.022779
4417.053232 1.045260
4417.253226 1.011646
4417.453219 1.009652
4417.653212 1.009846
4417.853206 1.012895
4418.053199 0.970338
4418.253192 0.911066
4418.453186 0.988828
4418.653179 0.960183
4418.853172 0.960988
4419.053166 0.992760
4419.253159 0.999951
4419.453152 0.947128
4419.653146 0.994747
4419.853139 1.013649
4420.053133 1.045855
4420.253126 0.992953
4420.453119 0.945276
4420.653113 0.921925
4420.853106 1.018773
4421.053099 0.924448
4421.253093 1.014007
4421.453086 0.988489
4421.653079 1.031884
4421.853073 1.003199
4422.053066 0.970240
4422.253059 1.021588
4422.453053 1.001527
4422.653046 0.996163
4422.853039 1.058309
4423.053033 1.037414
4423.253026 1.025962
4423.453020 1.026380
4423.653013 0.966451
4423.853006 0.997135
4424.053000 1.032578
4424.252993 0.986626
4424.452986 1.025093
4424.652980 0.980749
4424.852973 0.955699
4425.052966 1.041145
4425.252960 1.007903
4425.452953 0.985599
4425.652946 0.985458
4425.852940 1.042088
4426.052933 1.012462
4426.252927 0.986000
4426.452920 0.988707
4426.652913 1.102918
4426.852907 0.975648
4427.052900 1.030453
4427.252893 1.021032
4427.452887 1.024575
4427.652880 1.041561
4427.852873 0.995471
4428.052867 1.009186
4428.252860 1.009107
4428.452853 1.003521
4428.652847 1.022569
4428.852840 0.978451
4429.052833 1.055854
4429.252827 1.033660
4429.452820 1.071076
4429.652814 0.997243
4429.852807 1.012421
4430.052800 1.006802
4430.252794 0.995567
4430.452787 1.080931
4430.652780 1.038893
4430.852774 1.037008
4431.052767 1.008552
4431.252760 0.951460
4431.452754 1.044687
4431.652747 0.959155
4431.852740 1.036426
4432.052734 0.973022
4432.252727 0.968662
4432.452721 0.969148
4432.652714 1.040036
4432.852707 1.037283
4433.052701 0.999597
4433.252694 0.995670
4433.452687 1.009475
4433.652681 1.015435
4433.852674 0.975561
4434.052667 0.996526
4434.252661 0.869557
4434.452654 1.051865
4434.652647 0.950558
4434.852641 0.978866
4435.052634 0.981045
4435.252627 1.033317
4435.452621 0.961896
4435.652614 1.046575
4435.852608 1.045362
4436.052601 1.038736
4436.252594 1.003806
4436.452588 0.965908
4436.652581 0.980810
4436.852574 1.010118
4437.052568 0.964846
4437.252561 0.935457
4437.452554 1.014428
4437.652548 1.028828
4437.852541 0.927198
4438.052534 1.034935
4438.252528 0.986748
4438.452521 0.994385
4438.652515 0.976322
4438.852508 0.949092
4439.052501 0.968981
4439.252495 1.007197
4439.452488 1.043772
4439.652481 1.047171
4439.852475 1.035119
4440.052468 1.034811
4440.252461 1.027609
4440.452455 1.020005
4440.652448 1.010685
4440.852441 1.018955
4441.052435 0.887155
4441.252428 0.960687
4441.452421 1.039155
4441.652415 0.966651
4441.852408 1.017686
4442.052402 1.047045
4442.252395 0.963060
4442.452388 1.017878
4442.652382 1.023476
4442.852375 1.005729
4443.052368 1.017888
4443.252362 0.992886
4443.452355 1.019202
4443.652348 1.089070
4443.852342 0.996937
4444.052335 0.999361
4444.252328 1.032884
4444.452322 0.946487
4444.652315 1.005835
4444.852309 0.950051
4445.052302 1.090224
4445.252295 1.030130
4445.452289 1.014050
4445.652282 0.940921
4445.852275 1.065584
4446.052269 1.011639
4446.252262 1.012082
4446.452255 1.113951
4446.652249 1.025712
4446.852242 0.967527
4447.052235 1.007668
4447.252229 1.025913
4447.452222 1.036864
4447.652215 1.012579
4447.852209 1.042322
4448.052202 0.942422
4448.252196 1.003169
4448.452189 1.041778
4448.652182 1.037675
4448.852176 0.999536
4449.052169 0.971756
4449.252162 1.018268
4449.452156 1.056710
4449.652149 1.017185
4449.852142 1.043154
4450.052136 1.026410
4450.252129 0.971164
4450.452122 1.017735
4450.652116 0.990377
4450.852109 1.104455
4451.052103 0.980357
4451.252096 0.931099
4451.452089 0.991238
4451.652083 0.946701
4451.852076 1.022760
4452.052069 1.008015
4452.252063 1.048882
4452.452056 1.004202
4452.652049 1.056485
4452.852043 1.058161
4453.052036 0.943951
4453.252029 1.052733
4453.452023 1.062080
4453.652016 0.991400
4453.852009 1.008128
4454.052003 1.052520
4454.251996 1.047622
4454.451990 1.031098
4454.651983 1.067004
4454.851976 0.986046
4455.051970 1.018118
4455.251963 1.091989
4455.451956 0.990044
4455.651950 0.966106
4455.851943 0.977148
4456.051936 0.985184
4456.251930 1.042708
4456.451923 1.016655
4456.651916 1.010732
4456.851910 0.901327
4457.051903 1.056902
4457.251897 1.015853
4457.451890 1.017555
4457.651883 1.076364
4457.851877 1.059991
4458.051870 1.045320
4458.251863 1.046579
4458.451857 1.019303
4458.651850 1.022212
4458.851843 0.958300
4459.051837 1.066242
4459.251830 1.012369
4459.451823 1.005631
4459.651817 0.967875
4459.851810 1.031683
4460.051803 1.032162
4460.251797 1.061065
4460.451790 1.014302
4460.651784 0.992042
4460.851777 0.960878
4461.051770 1.113260
4461.251764 1.017147
4461.451757 1.107729
4461.651750 0.993704
4461.851744 1.003563
4462.051737 1.050459
4462.251730 1.061983
4462.451724 1.064055
4462.651717 1.027410
4462.851710 1.012487
4463.051704 1.005641
4463.251697 1.054564
4463.451691 1.053933
4463.651684 1.065559
4463.851677 1.123333
4464.051671 1.036765
4464.251664 1.033455
4464.451657 0.972769
4464.651651 1.045588
4464.851644 1.052204
4465.051637 1.060245
4465.251631 1.025355
4465.451624 1.022512
4465.651617 1.032755
4465.851611 0.973771
4466.051604 1.025874
4466.251597 1.055540
4466.451591 1.024072
4466.651584 1.031990
4466.851578 0.966250
4467.051571 1.014669
4467.251564 1.022233
4467.451558 0.978887
4467.651551 1.033077
4467.851544 1.000129
4468.051538 1.082363
4468.251531 1.010338
4468.451524 0.971842
4468.651518 1.003704
4468.851511 1.016042
4469.051504 0.968598
4469.251498 0.993396
4469.451491 0.968611
4469.651485 0.979592
4469.851478 0.927605
4470.051471 0.887310
4470.251465 0.925056
4470.451458 0.926462
4470.651451 0.966857
4470.851445 0.919354
4471.051438 0.950798
4471.251431 0.931316
4471.451425 0.893373
4471.651418 0.896505
4471.851411 0.893939
4472.051405 0.897819
4472.251398 0.808696
4472.451391 0.875382
4472.651385 0.792075
4472.851378 0.951132
4473.051372 0.973606
4473.251365 0.973803
4473.451358 0.919775
4473.651352 0.966849
4473.851345 0.809433
4474.051338 0.843334
4474.251332 0.885198
4474.451325 0.876348
4474.651318 0.930181
4474.851312 0.889807
4475.051305 0.893574
4475.251298 0.948330
4475.451292 0.882578
4475.651285 0.965723
4475.851278 0.963538
4476.051272 0.862760
4476.251265 0.874131
4476.451259 0.893319
4476.651252 0.876582
4476.851245 0.881763
4477.051239 1.007586
4477.251232 0.918761
4477.451225 0.832437
4477.651219 0.955736
4477.851212 0.936988
4478.051205 1.028517
4478.251199 0.985151
4478.451192 1.016104
4478.651185 0.982788
4478.851179 1.010051
4479.051172 0.993751
4479.251166 0.995026
4479.451159 1.044217
4479.651152 1.008687
4479.851146 0.989564
4480.051139 0.986564
4480.251132 1.037165
4480.451126 0.985849
4480.651119 1.019097
4480.851112 1.026576
4481.051106 1.001561
4481.251099 1.001815
4481.451092 1.023891
4481.651086 1.011575
4481.851079 1.035594
4482.051072 1.045162
4482.251066 1.048411
4482.451059 1.047047
4482.651053 0.997857
4482.851046 0.932564
4483.051039 1.026691
4483.251033 1.033768
4483.451026 1.002624
4483.651019 1.023643
4483.851013 0.999918
4484.051006 1.002123
4484.250999 0.961548
4484.450993 1.006888
4484.650986 1.040409
4484.850979 1.076358
4485.050973 1.000174
4485.250966 1.027493
4485.450960 1.060322
4485.650953 0.997120
4485.850946 0.937579
4486.050940 0.964445
4486.250933 1.030880
4486.450926 1.006328
4486.650920 1.062406
4486.850913 1.026955
4487.050906 0.978439
4487.250900 0.935950
4487.450893 0.962236
4487.650886 0.986572
4487.850880 0.985298
4488.050873 0.988724
4488.250866 1.015390
4488.450860 1.039234
4488.650853 1.057868
4488.850847 1.053210
4489.050840 1.073511
4489.250833 1.019163
4489.450827 1.087973
4489.650820 1.027029
4489.850813 0.950789
4490.050807 0.998759
4490.250800 0.995072
4490.450793 1.039602
4490.650787 1.022147
4490.850780 1.025137
4491.050773 0.935132
4491.250767 1.032676
4491.450760 0.999321
4491.650754 0.926532
4491.850747 1.061531
4492.050740 0.990444
4492.250734 1.071711
4492.450727 0.936377
4492.650720 1.008232
4492.850714 1.003566
4493.050707 0.984700
4493.250700 1.042908
4493.450694 1.070784
4493.650687 1.034030
4493.850680 1.016418
4494.050674 1.024199
4494.250667 1.026115
4494.450660 1.005991
4494.650654 1.055955
4494.850647 1.025089
4495.050641 0.987737
4495.250634 1.052246
4495.450627 1.051728
4495.650621 0.992885
4495.850614 1.029338
4496.050607 0.967417
4496.250601 0.914784
4496.450594 1.007697
4496.650587 1.055706
4496.850581 1.039906
4497.050574 0.958931
4497.250567 0.978632
4497.450561 1.056692
4497.650554 1.092215
4497.850548 0.988747
4498.050541 1.062849
4498.250534 1.029899
4498.450528 1.072026
4498.650521 1.031702
4498.850514 1.027755
4499.050508 0.991062
4499.250501 1.036408
4499.450494 1.014974
4499.650488 1.011649
4499.850481 1.116711
4500.050474 1.014732
4500.250468 1.067700
4500.450461 1.045178
4500.650454 1.006176
4500.850448 0.925449
4501.050441 1.026397
4501.250435 0.965744
4501.450428 0.973352
4501.650421 0.973302
4501.850415 0.975699
4502.050408 1.000986
4502.250401 1.027791
4502.450395 0.997324
4502.650388 1.020444
4502.850381 1.037098
4503.050375 1.160152
4503.250368 1.048652
4503.450361 1.051026
4503.650355 0.982144
4503.850348 0.955083
4504.050342 0.999895
4504.250335 1.048997
4504.450328 1.004058
4504.650322 1.089523
4504.850315 0.998703
4505.050308 1.017361
4505.250302 0.960071
4505.450295 1.120634
4505.650288 1.077930
4505.850282 1.024010
4506.050275 0.944352
4506.250268 1.043424
4506.450262 1.016184
4506.650255 0.990911
4506.850248 1.033504
4507.050242 0.969516
4507.250235 1.036823
4507.450229 0.984513
4507.650222 1.065594
4507.850215 0.972044
4508.050209 1.013894
4508.250202 0.949294
4508.450195 1.004438
4508.650189 1.076153
4508.850182 1.010585
4509.050175 1.025789
4509.250169 1.005507
4509.450162 1.028609
4509.650155 1.005660
4509.850149 1.001162
4510.050142 1.008970
4510.250136 1.022559
4510.450129 1.054684
4510.650122 1.018576
4510.850116 1.011198
4511.050109 0.992221
4511.250102 1.021897
4511.450096 0.969606
4511.650089 1.048868
4511.850082 1.030312
4512.050076 1.034650
4512.250069 0.981401
4512.450062 0.961100
4512.650056 1.043611
4512.850049 1.012552
4513.050042 1.025319
4513.250036 1.035301
4513.450029 0.994221
4513.650023 0.958564
4513.850016 1.002331
4514.050009 1.043377
4514.250003 1.036919
4514.449996 0.978296
4514.649989 0.937608
4514.849983 1.019409
4515.049976 1.075187
4515.249969 1.034449
4515.449963 1.078397
4515.649956 1.107896
4515.849949 1.065618
4516.049943 1.006314
4516.249936 1.045135
4516.449930 1.020007
4516.649923 1.002648
4516.849916 0.997605
4517.049910 1.044419
4517.249903 0.943484
4517.449896 0.986438
4517.649890 0.946839
4517.849883 1.014386
4518.049876 0.971199
4518.249870 1.057548
4518.449863 0.940447
4518.649856 1.023810
4518.849850 1.002429
4519.049843 0.975468
4519.249836 0.940211
4519.449830 0.983074
4519.649823 0.979342
4519.849817 0.968309
4520.049810 1.013006
4520.249803 1.043245
4520.449797 1.012129
4520.649790 1.051870
4520.849783 1.016061
4521.049777 1.030126
4521.249770 1.052190
4521.449763 1.030018
4521.649757 0.960487
4521.849750 1.067224
4522.049743 1.078442
4522.249737 0.968438
4522.449730 0.994744
4522.649724 0.939424
4522.849717 1.038736
4523.049710 1.045845
4523.249704 0.991047
4523.449697 0.958454
4523.649690 1.023577
4523.849684 1.018694
4524.049677 1.075183
4524.249670 1.002378
4524.449664 1.002936
4524.649657 1.004062
4524.849650 1.030017
4525.049644 0.992630
4525.249637 0.974911
4525.449630 1.003887
4525.649624 0.965854
4525.849617 1.007682
4526.049611 1.018962
4526.249604 1.023380
4526.449597 0.963649
4526.649591 0.951596
4526.849584 1.040948
4527.049577 1.048019
4527.249571 0.993105
4527.449564 1.080081
4527.649557 0.988286
4527.849551 1.029484
4528.049544 0.993001
4528.249537 0.977381
4528.449531 1.041250
4528.649524 1.051618
4528.849517 0.959376
4529.049511 0.990921
4529.249504 1.049873
4529.449498 0.986569
4529.649491 0.968589
4529.849484 0.977886
4530.049478 0.950500
4530.249471 0.993645
4530.449464 1.021826
4530.649458 0.985778
4530.849451 0.977763
4531.049444 0.925740
4531.249438 1.047689
4531.449431 1.096716
4531.649424 1.004481
4531.849418 0.983192
4532.049411 0.948339
4532.249405 1.004854
4532.449398 1.056108
4532.649391 1.048165
4532.849385 1.023138
4533.049378 1.046049
4533.249371 1.002070
4533.449365 0.987492
4533.649358 0.968555
4533.849351 1.047596
4534.049345 0.986413
4534.249338 1.037289
4534.449331 0.947558
4534.649325 1.045416
4534.849318 1.039834
4535.049311 1.025676
4535.249305 0.977312
4535.449298 1.004704
4535.649292 1.046421
4535.849285 0.978096
4536.049278 1.079272
4536.249272 0.994088
4536.449265 1.083675
4536.649258 0.981157
4536.849252 0.942742
4537.049245 1.003565
4537.249238 0.963225
4537.449232 0.937118
4537.649225 1.071759
4537.849218 1.073802
4538.049212 1.017360
4538.249205 1.002968
4538.449199 0.937189
4538.649192 1.014780
4538.849185 0.963856
4539.049179 0.976317
4539.249172 0.956758
4539.449165 1.020668
4539.649159 1.005663
4539.849152 0.992298
4540.049145 1.053488
4540.249139 0.960007
4540.449132 0.975387
4540.649125 1.043127
4540.849119 0.948879
4541.049112 1.031375
4541.249105 1.028808
4541.449099 0.987172
4541.649092 1.040073
4541.849086 1.071144
4542.049079 1.011529
4542.249072 1.057910
4542.449066 1.036407
4542.649059 1.057203
4542.849052 1.029396
4543.049046 1.028862
4543.249039 1.020414
4543.449032 0.997785
4543.649026 1.081837
4543.849019 1.001023
4544.049012 0.967955
4544.249006 1.113548
4544.448999 1.005709
4544.648993 0.979027
4544.848986 1.003071
4545.048979 0.956138
4545.248973 1.030421
4545.448966 0.964828
4545.648959 1.003052
4545.848953 1.061279
4546.048946 0.992767
4546.248939 1.061236
4546.448933 1.054793
4546.648926 0.995960
4546.848919 1.002831
4547.048913 0.963766
4547.248906 0.978228
4547.448899 0.951645
4547.648893 0.974404
4547.848886 0.992317
4548.048880 1.044823
4548.248873 0.984015
4548.448866 1.001487
4548.648860 1.032848
4548.848853 1.018736
4549.048846 0.996054
4549.248840 0.983272
4549.448833 0.995562
4549.648826 1.070758
4549.848820 1.002248
4550.048813 1.009240
4550.248806 0.991303
4550.448800 0.978226
4550.648793 0.950799
4550.848787 0.998435
4551.048780 1.018765
4551.248773 0.947287
4551.448767 0.947769
4551.648760 0.972001
4551.848753 0.996137
4552.048747 1.007402
4552.248740 0.972387
4552.448733 1.009868
4552.648727 1.023112
4552.848720 1.021752
4553.048713 1.037730
4553.248707 0.980727
4553.448700 0.930384
4553.648693 0.912089
4553.848687 0.947229
4554.048680 1.023638
4554.248674 0.997475
4554.448667 0.895732
4554.648660 0.984074
4554.848654 0.935548
4555.048647 1.023422
4555.248640 0.961245
4555.448634 0.980456
4555.648627 0.993986
4555.848620 1.040949
4556.048614 0.962830
4556.248607 0.989889
4556.448600 1.004934
4556.648594 0.958309
4556.848587 1.020740
4557.048581 0.919467
4557.248574 0.925517
4557.448567 1.003168
4557.648561 1.028959
4557.848554 1.068637
4558.048547 0.972400
4558.248541 1.052014
4558.448534 0.930094
4558.648527 0.949425
4558.848521 1.068670
4559.048514 1.159855
4559.248507 1.019651
4559.448501 1.070512
4559.648494 0.892429
4559.848487 0.930278
4560.048481 1.067683
4560.248474 0.847084
4560.448468 1.002642
4560.648461 1.096974
4560.848454 1.009196
4561.048448 1.033995
4561.248441 0.953077
4561.448434 0.823086
4561.648428 0.994091
4561.848421 1.118939
4562.048414 1.014889
4562.248408 0.957856
4562.448401 1.006748
4562.648394 0.970450
4562.848388 0.984306
4563.048381 0.993830
4563.248375 0.937696
4563.448368 0.999471
4563.648361 1.092458
4563.848355 0.947032
4564.048348 1.026948
4564.248341 1.036077
4564.448335 0.970678
4564.648328 0.926277
4564.848321 0.915584
4565.048315 1.026023
4565.248308 0.952084
4565.448301 0.977947
4565.648295 0.825811
4565.848288 1.013466
4566.048281 0.889048
4566.248275 0.960166
4566.448268 -0.294396
4566.648262 -0.270596
4566.848255 -0.266698
4567.048248 -0.255111
4567.248242 -0.270690
4567.448235 -0.253113
4567.648228 -0.272397
4567.848222 -0.257738
4568.048215 -0.241131
4568.248208 -0.266458
4568.448202 -0.215447
4568.648195 -0.197926
4568.848188 -0.000010
4569.048182 0.000003
4569.248175 -0.000001
4569.448169 0.000000
4569.648162 -0.000000
4569.848155 0.000000
4570.048149 -0.000000
4570.248142 0.000000
4570.448135 -0.000000
4570.648129 0.000000
4570.848122 -0.000000
