3959.871543 0.977914
3960.071537 1.009159
3960.271530 1.038491
3960.471524 1.062844
3960.671517 1.072469
3960.871511 1.058012
3961.071504 1.007105
3961.271498 1.035834
3961.471491 0.973228
3961.671485 0.897320
3961.871478 1.046655
3962.071472 0.980891
3962.271465 0.932010
3962.471459 0.949030
3962.671452 0.933316
3962.871446 0.984110
3963.071440 0.959072
3963.271433 0.976344
3963.471427 0.940796
3963.671420 0.849289
3963.871414 0.916878
3964.071407 0.860639
3964.271401 0.837150
3964.471394 0.902858
3964.671388 0.910527
3964.871381 0.847411
3965.071375 0.918427
3965.271368 0.913276
3965.471362 0.956141
3965.671355 0.863126
3965.871349 0.914561
3966.071342 0.957305
3966.271336 0.927985
3966.471329 0.840514
3966.671323 0.723055
3966.871316 0.803110
3967.071310 0.847093
3967.271303 0.804389
3967.471297 0.919605
3967.671290 0.798911
3967.871284 0.704530
3968.071277 0.733699
3968.271271 0.723520
3968.471264 0.673639
3968.671258 0.659126
3968.871251 0.722496
3969.071245 0.765399
3969.271238 0.670824
3969.471232 0.627512
3969.671225 0.745663
3969.871219 0.697157
3970.071212 0.592444
3970.271206 0.612474
3970.471199 0.719789
3970.671193 0.690939
3970.871186 0.682450
3971.071180 0.682526
3971.271174 0.690275
3971.471167 0.720574
3971.671161 0.692473
3971.871154 0.810575
3972.071148 0.738264
3972.271141 0.729013
3972.471135 0.795143
3972.671128 0.766343
3972.871122 0.760033
3973.071115 0.653775
3973.271109 0.762001
3973.471102 0.732376
3973.671096 0.706577
3973.871089 0.763137
3974.071083 0.753148
3974.271076 0.786215
3974.471070 0.832062
3974.671063 0.799493
3974.871057 0.802139
3975.071050 0.709023
3975.271044 0.756988
3975.471037 0.695704
3975.671031 0.851526
3975.871024 0.816833
3976.071018 0.856176
3976.271011 0.829927
3976.471005 0.798414
3976.670998 0.880900
3976.870992 0.781412
3977.070985 0.908835
3977.270979 0.832306
3977.470972 0.906781
3977.670966 0.897643
3977.870959 0.881275
3978.070953 0.838737
3978.270946 0.869640
3978.470940 0.796373
3978.670933 0.911559
3978.870927 0.908773
3979.070920 0.922758
3979.270914 0.979783
3979.470908 0.909222
3979.670901 0.925132
3979.870895 1.018953
3980.070888 0.990898
3980.270882 0.942068
3980.470875 0.928368
3980.670869 0.889299
3980.870862 0.963202
3981.070856 0.990704
3981.270849 0.952605
3981.470843 1.048687
3981.670836 0.963521
3981.870830 0.975260
3982.070823 1.048996
3982.270817 0.878547
3982.470810 0.952262
3982.670804 0.921362
3982.870797 0.996169
3983.070791 0.989864
3983.270784 1.054789
3983.470778 0.988720
3983.670771 1.156101
3983.870765 1.035341
3984.070758 1.026783
3984.270752 1.013174
3984.470745 1.030294
3984.670739 0.964583
3984.870732 0.940123
3985.070726 1.090530
3985.270719 0.991929
3985.470713 0.985327
3985.670706 0.932010
3985.870700 0.984676
3986.070693 1.016971
3986.270687 1.013713
3986.470680 1.035387
3986.670674 1.015380
3986.870667 1.047385
3987.070661 1.027298
3987.270654 0.971346
3987.470648 0.968025
3987.670642 1.050230
3987.870635 0.978336
3988.070629 1.110972
3988.270622 1.062400
3988.470616 1.061987
3988.670609 1.072596
3988.870603 1.026764
3989.070596 1.004118
3989.270590 1.077393
3989.470583 1.009974
3989.670577 1.053046
3989.870570 1.004262
3990.070564 1.008817
3990.270557 1.126194
3990.470551 0.880166
3990.670544 0.951202
3990.870538 1.003566
3991.070531 0.991545
3991.270525 1.013537
3991.470518 0.982700
3991.670512 1.042880
3991.870505 1.005374
3992.070499 1.027349
3992.270492 0.968486
3992.470486 1.036898
3992.670479 0.999699
3992.870473 1.053977
3993.070466 1.052232
3993.270460 0.979422
3993.470453 1.040396
3993.670447 1.066593
3993.870440 0.931194
3994.070434 1.012009
3994.270427 1.063191
3994.470421 1.051269
3994.670414 0.945694
3994.870408 1.063209
3995.070401 1.056135
3995.270395 1.102490
3995.470388 1.067308
3995.670382 1.010572
3995.870376 0.960299
3996.070369 1.040235
3996.270363 0.979645
3996.470356 1.014815
3996.670350 0.986154
3996.870343 0.969881
3997.070337 1.016269
3997.270330 1.023297
3997.470324 1.090695
3997.670317 1.082611
3997.870311 1.063951
3998.070304 1.058380
3998.270298 1.072891
3998.470291 1.079459
3998.670285 1.002455
3998.870278 1.032789
3999.070272 1.029612
3999.270265 1.060307
3999.470259 1.048178
3999.670252 0.993262
3999.870246 1.090990
4000.070239 1.023478
4000.270233 1.013208
4000.470226 1.035816
4000.670220 0.972520
4000.870213 1.005464
4001.070207 0.992685
4001.270200 1.028717
4001.470194 1.000120
4001.670187 1.058945
4001.870181 1.005974
4002.070174 1.066806
4002.270168 0.975514
4002.470161 0.996438
4002.670155 1.003923
4002.870148 1.081615
4003.070142 1.030229
4003.270135 1.000233
4003.470129 1.060531
4003.670122 1.090869
4003.870116 1.011985
4004.070110 1.042916
4004.270103 1.044113
4004.470097 1.006264
4004.670090 1.093760
4004.870084 1.073794
4005.070077 1.142004
4005.270071 1.087767
4005.470064 1.022255
4005.670058 1.048706
4005.870051 0.995079
4006.070045 1.021881
4006.270038 0.976595
4006.470032 0.911342
4006.670025 0.930881
4006.870019 0.933746
4007.070012 0.979778
4007.270006 0.974976
4007.469999 1.061820
4007.669993 1.101733
4007.869986 0.985075
4008.069980 0.921678
4008.269973 0.977640
4008.469967 0.957131
4008.669960 0.938814
4008.869954 0.952878
4009.069947 0.973237
4009.269941 0.944302
4009.469934 0.883232
4009.669928 1.012142
4009.869921 0.982664
4010.069915 1.033499
4010.269908 1.017452
4010.469902 1.027307
4010.669895 0.986933
4010.869889 1.033773
4011.069882 1.023621
4011.269876 1.065944
4011.469869 1.074037
4011.669863 0.970519
4011.869857 0.964432
4012.069850 0.968227
4012.269844 0.991197
4012.469837 0.902011
4012.669831 0.949151
4012.869824 0.988167
4013.069818 0.991752
4013.269811 0.940504
4013.469805 1.003292
4013.669798 1.001000
4013.869792 1.041189
4014.069785 1.020653
4014.269779 0.964507
4014.469772 1.020949
4014.669766 0.970769
4014.869759 0.990640
4015.069753 1.005866
4015.269746 1.031747
4015.469740 1.033205
4015.669733 1.052470
4015.869727 1.086623
4016.069720 0.933946
4016.269714 1.117905
4016.469707 1.036452
4016.669701 0.998681
4016.869694 0.997910
4017.069688 1.042841
4017.269681 1.053169
4017.469675 1.015573
4017.669668 1.036020
4017.869662 1.012439
4018.069655 1.022856
4018.269649 1.133816
4018.469642 1.030244
4018.669636 0.950401
4018.869629 0.928114
4019.069623 1.088914
4019.269616 1.076649
4019.469610 1.051465
4019.669603 1.020535
4019.869597 1.041728
4020.069591 1.009047
4020.269584 1.067151
4020.469578 1.023388
4020.669571 0.974035
4020.869565 0.956403
4021.069558 0.966337
4021.269552 1.021544
4021.469545 0.990865
4021.669539 0.981243
4021.869532 0.925693
4022.069526 0.889309
4022.269519 1.040957
4022.469513 1.005851
4022.669506 1.028194
4022.869500 0.986555
4023.069493 0.925888
4023.269487 0.903679
4023.469480 0.935404
4023.669474 0.962207
4023.869467 0.915563
4024.069461 0.842771
4024.269454 0.987289
4024.469448 0.921678
4024.669441 0.863101
4024.869435 0.927444
4025.069428 0.864020
4025.269422 0.899432
4025.469415 0.869509
4025.669409 0.925834
4025.869402 0.888605
4026.069396 0.928097
4026.269389 0.896443
4026.469383 0.977271
4026.669376 0.866586
4026.869370 0.889516
4027.069363 0.974534
4027.269357 0.914819
4027.469350 0.873341
4027.669344 0.894406
4027.869337 1.015108
4028.069331 0.976817
4028.269325 1.034970
4028.469318 0.905509
4028.669312 0.935085
4028.869305 0.989165
4029.069299 0.871926
4029.269292 0.946525
4029.469286 0.908798
4029.669279 0.819624
4029.869273 0.822207
4030.069266 0.992278
4030.269260 0.835586
4030.469253 0.872602
4030.669247 0.910554
4030.869240 0.946558
4031.069234 0.979717
4031.269227 0.962338
4031.469221 0.946826
4031.669214 0.944776
4031.869208 0.968952
4032.069201 0.988372
4032.269195 0.996750
4032.469188 0.931778
4032.669182 0.925124
4032.869175 0.958681
4033.069169 0.995735
4033.269162 0.942977
4033.469156 0.965157
4033.669149 1.024574
4033.869143 1.101331
4034.069136 1.011720
4034.269130 0.987447
4034.469123 0.946421
4034.669117 1.030947
4034.869110 0.982205
4035.069104 1.089020
4035.269097 1.004094
4035.469091 1.041276
4035.669084 1.004894
4035.869078 1.019759
4036.069071 1.071654
4036.269065 1.081907
4036.469059 0.982127
4036.669052 1.018099
4036.869046 1.013656
4037.069039 0.964242
4037.269033 1.016790
4037.469026 1.062817
4037.669020 1.028429
4037.869013 0.945727
4038.069007 0.936368
4038.269000 0.982591
4038.468994 1.026296
4038.668987 1.023638
4038.868981 0.940103
4039.068974 1.004066
4039.268968 1.047931
4039.468961 1.038194
4039.668955 1.037890
4039.868948 1.011523
4040.068942 1.031082
4040.268935 1.058564
4040.468929 1.013147
4040.668922 0.981690
4040.868916 1.008243
4041.068909 0.976054
4041.268903 0.958186
4041.468896 1.010813
4041.668890 1.045469
4041.868883 1.000203
4042.068877 1.026364
4042.268870 1.019729
4042.468864 1.024533
4042.668857 1.056629
4042.868851 1.067758
4043.068844 1.097069
4043.268838 0.953988
4043.468831 1.043143
4043.668825 1.084381
4043.868818 1.072556
4044.068812 1.007664
4044.268805 1.000129
4044.468799 0.994364
4044.668793 1.012880
4044.868786 1.004090
4045.068780 1.012132
4045.268773 1.009567
4045.468767 1.003319
4045.668760 1.080396
4045.868754 0.970683
4046.068747 1.046948
4046.268741 1.059466
4046.468734 0.976384
4046.668728 0.970683
4046.868721 1.041447
4047.068715 1.037653
4047.268708 1.027058
4047.468702 1.049701
4047.668695 1.090313
4047.868689 1.087022
4048.068682 1.063475
4048.268676 1.093867
4048.468669 1.033337
4048.668663 1.003928
4048.868656 1.014459
4049.068650 0.977929
4049.268643 0.970746
4049.468637 1.014182
4049.668630 0.988070
4049.868624 0.991195
4050.068617 0.995402
4050.268611 1.003371
4050.468604 1.016451
4050.668598 0.969191
4050.868591 0.981075
4051.068585 1.019808
4051.268578 1.017879
4051.468572 0.988801
4051.668565 1.041041
4051.868559 1.013876
4052.068552 1.058077
4052.268546 1.001910
4052.468539 0.999594
4052.668533 0.977827
4052.868527 1.032657
4053.068520 1.054845
4053.268514 1.068298
4053.468507 1.050854
4053.668501 1.024078
4053.868494 1.037245
4054.068488 0.988566
4054.268481 1.032257
4054.468475 0.977185
4054.668468 0.993949
4054.868462 1.038689
4055.068455 0.988317
4055.268449 0.991404
4055.468442 1.003029
4055.668436 1.170419
4055.868429 1.045879
4056.068423 0.995551
4056.268416 1.025078
4056.468410 0.991317
4056.668403 1.062733
4056.868397 1.025308
4057.068390 1.032558
4057.268384 0.966931
4057.468377 1.003144
4057.668371 0.992654
4057.868364 0.997419
4058.068358 1.039090
4058.268351 1.056579
4058.468345 1.030875
4058.668338 1.030671
4058.868332 0.952975
4059.068325 0.960286
4059.268319 0.967137
4059.468312 1.020519
4059.668306 1.048222
4059.868299 1.069958
4060.068293 1.012865
4060.268286 1.045400
4060.468280 0.975065
4060.668273 0.984982
4060.868267 1.015304
4061.068261 1.008136
4061.268254 1.015594
4061.468248 1.052932
4061.668241 1.009434
4061.868235 1.008651
4062.068228 1.018178
4062.268222 1.000071
4062.468215 1.016855
4062.668209 1.083764
4062.868202 1.091625
4063.068196 1.016249
4063.268189 0.956226
4063.468183 1.045959
4063.668176 1.050203
4063.868170 1.013281
4064.068163 0.999644
4064.268157 1.028491
4064.468150 1.073784
4064.668144 0.989121
4064.868137 1.000404
4065.068131 0.967782
4065.268124 1.057562
4065.468118 1.015401
4065.668111 1.070127
4065.868105 0.984172
4066.068098 1.006477
4066.268092 1.057941
4066.468085 1.003513
4066.668079 0.960508
4066.868072 1.055073
4067.068066 1.024889
4067.268059 1.067393
4067.468053 0.986873
4067.668046 1.033728
4067.868040 1.025229
4068.068033 1.061105
4068.268027 1.000960
4068.468020 1.013908
4068.668014 1.005875
4068.868008 0.978442
4069.068001 1.038357
4069.267995 1.006041
4069.467988 1.022323
4069.667982 1.035218
4069.867975 1.007383
4070.067969 0.975108
4070.267962 1.058968
4070.467956 1.009239
4070.667949 1.032791
4070.867943 1.106506
4071.067936 1.074829
4071.267930 1.025306
4071.467923 0.968791
4071.667917 1.019064
4071.867910 0.961128
4072.067904 0.985563
4072.267897 1.001356
4072.467891 1.024098
4072.667884 0.985246
4072.867878 1.015581
4073.067871 0.973833
4073.267865 0.953580
4073.467858 1.033520
4073.667852 0.997279
4073.867845 1.006759
4074.067839 1.032971
4074.267832 1.010688
4074.467826 0.936439
4074.667819 0.986473
4074.867813 1.004741
4075.067806 1.001329
4075.267800 1.056837
4075.467793 0.975092
4075.667787 1.002896
4075.867780 1.030949
4076.067774 0.983026
4076.267767 1.021698
4076.467761 0.977363
4076.667754 0.991060
4076.867748 1.079438
4077.067742 1.038702
4077.267735 0.992938
4077.467729 0.973893
4077.667722 1.001405
4077.867716 0.999387
4078.067709 0.986465
4078.267703 0.985956
4078.467696 1.040626
4078.667690 1.003587
4078.867683 0.926147
4079.067677 0.971732
4079.267670 0.961183
4079.467664 1.002544
4079.667657 1.029119
4079.867651 0.946054
4080.067644 1.026460
4080.267638 1.000668
4080.467631 0.947493
4080.667625 0.967479
4080.867618 0.977042
4081.067612 0.958672
4081.267605 0.998816
4081.467599 0.958849
4081.667592 1.041873
4081.867586 1.018278
4082.067579 1.027671
4082.267573 0.993752
4082.467566 0.939903
4082.667560 0.977339
4082.867553 0.981050
4083.067547 1.092776
4083.267540 0.934711
4083.467534 1.012635
4083.667527 1.043189
4083.867521 0.982581
4084.067514 1.026921
4084.267508 1.015129
4084.467501 0.997911
4084.667495 0.940305
4084.867488 0.996302
4085.067482 0.965067
4085.267476 0.983064
4085.467469 1.029325
4085.667463 0.986142
4085.867456 0.985404
4086.067450 0.957538
4086.267443 1.009542
4086.467437 1.000383
4086.667430 0.968481
4086.867424 0.975781
4087.067417 0.991560
4087.267411 1.013874
4087.467404 1.010021
4087.667398 1.074177
4087.867391 1.005870
4088.067385 0.975330
4088.267378 0.960576
4088.467372 0.981525
4088.667365 0.981090
4088.867359 1.029124
4089.067352 0.984454
4089.267346 0.968140
4089.467339 0.959064
4089.667333 1.012876
4089.867326 0.923785
4090.067320 0.920410
4090.267313 0.984628
4090.467307 0.963567
4090.667300 0.928544
4090.867294 0.996922
4091.067287 0.944015
4091.267281 0.987242
4091.467274 0.992235
4091.667268 1.017536
4091.867261 0.894042
4092.067255 0.901996
4092.267248 0.919917
4092.467242 0.943319
4092.667235 0.979308
4092.867229 0.940371
4093.067222 0.934468
4093.267216 0.979122
4093.467210 0.932321
4093.667203 0.949248
4093.867197 0.922446
4094.067190 0.979968
4094.267184 0.931146
4094.467177 0.904250
4094.667171 0.957197
4094.867164 0.877499
4095.067158 0.927067
4095.267151 0.901871
4095.467145 0.926998
4095.667138 0.919125
4095.867132 0.899903
4096.067125 0.900594
4096.267119 0.940126
4096.467112 0.859295
4096.667106 0.857691
4096.867099 0.904331
4097.067093 0.828419
4097.267086 0.841287
4097.467080 0.841517
4097.667073 0.870710
4097.867067 0.841557
4098.067060 0.854052
4098.267054 0.873947
4098.467047 0.816207
4098.667041 0.852129
4098.867034 0.785050
4099.067028 0.746377
4099.267021 0.731815
4099.467015 0.742778
4099.667008 0.722138
4099.867002 0.704356
4100.066995 0.747226
4100.266989 0.696485
4100.466982 0.730434
4100.666976 0.688081
4100.866969 0.718989
4101.066963 0.746173
4101.266956 0.691549
4101.466950 0.711967
4101.666944 0.682933
4101.866937 0.696323
4102.066931 0.714151
4102.266924 0.676409
4102.466918 0.684269
4102.666911 0.734967
4102.866905 0.694871
4103.066898 0.695977
4103.266892 0.790734
4103.466885 0.668463
4103.666879 0.754476
4103.866872 0.712873
4104.066866 0.727005
4104.266859 0.727391
4104.466853 0.697294
4104.666846 0.698476
4104.866840 0.733867
4105.066833 0.691798
4105.266827 0.714292
4105.466820 0.783922
4105.666814 0.677903
4105.866807 0.681634
4106.066801 0.712651
4106.266794 0.707752
4106.466788 0.738978
4106.666781 0.685644
4106.866775 0.706577
4107.066768 0.785738
4107.266762 0.779073
4107.466755 0.755754
4107.666749 0.759025
4107.866742 0.767246
4108.066736 0.802408
4108.266729 0.800141
4108.466723 0.766356
4108.666716 0.838308
4108.866710 0.876105
4109.066703 0.872993
4109.266697 0.844952
4109.466690 0.851588
4109.666684 0.781023
4109.866678 0.832950
4110.066671 0.880465
4110.266665 0.891531
4110.466658 0.901655
4110.666652 0.873396
4110.866645 0.869904
4111.066639 0.930984
4111.266632 0.902115
4111.466626 0.898557
4111.666619 0.952782
4111.866613 0.961954
4112.066606 0.922091
4112.266600 0.995794
4112.466593 0.921756
4112.666587 0.924450
4112.866580 0.923265
4113.066574 0.923855
4113.266567 0.959928
4113.466561 0.943980
4113.666554 0.954623
4113.866548 0.954955
4114.066541 0.959249
4114.266535 0.973121
4114.466528 0.949322
4114.666522 0.931233
4114.866515 0.967178
4115.066509 0.987231
4115.266502 0.986488
4115.466496 0.922085
4115.666489 0.916000
4115.866483 0.970255
4116.066476 0.997652
4116.266470 0.938053
4116.466463 0.987229
4116.666457 0.984404
4116.866450 0.925546
4117.066444 0.986806
4117.266437 1.029276
4117.466431 0.983243
4117.666425 1.012255
4117.866418 0.931654
4118.066412 0.940708
4118.266405 1.035182
4118.466399 0.968575
4118.666392 0.979127
4118.866386 0.970270
4119.066379 0.913728
4119.266373 0.961163
4119.466366 0.953171
4119.666360 0.946888
4119.866353 0.931195
4120.066347 0.993736
4120.266340 0.987418
4120.466334 0.960773
4120.666327 0.914130
4120.866321 0.974446
4121.066314 0.940199
4121.266308 0.932300
4121.466301 0.954812
4121.666295 0.982289
4121.866288 0.988842
4122.066282 0.957499
4122.266275 0.962419
4122.466269 0.964148
4122.666262 0.975624
4122.866256 0.999736
4123.066249 0.958567
4123.266243 1.012384
4123.466236 1.005511
4123.666230 0.983170
4123.866223 0.894300
4124.066217 1.001480
4124.266210 0.959524
4124.466204 0.980580
4124.666197 0.977879
4124.866191 0.914270
4125.066184 0.949569
4125.266178 0.981082
4125.466171 0.969983
4125.666165 0.984883
4125.866159 0.984827
4126.066152 0.966840
4126.266146 1.012654
4126.466139 1.018084
4126.666133 1.003524
4126.866126 0.989875
4127.066120 0.989659
4127.266113 1.043630
4127.466107 1.060911
4127.666100 1.008785
4127.866094 0.994681
4128.066087 0.988851
4128.266081 0.976143
4128.466074 1.023292
4128.666068 0.946521
4128.866061 0.988449
4129.066055 0.979257
4129.266048 0.947667
4129.466042 0.928147
4129.666035 0.999506
4129.866029 0.989939
4130.066022 0.944876
4130.266016 1.077499
4130.466009 1.017230
4130.666003 0.992275
4130.865996 1.017817
4131.065990 1.018561
4131.265983 0.969179
4131.465977 0.988447
4131.665970 0.993634
4131.865964 0.983743
4132.065957 1.017285
4132.265951 0.990830
4132.465944 0.998478
4132.665938 0.976564
4132.865931 0.985504
4133.065925 1.016337
4133.265918 1.004889
4133.465912 0.981043
4133.665905 0.979187
4133.865899 1.003207
4134.065893 1.005194
4134.265886 0.997909
4134.465880 1.004894
4134.665873 1.006869
4134.865867 0.985874
4135.065860 1.010761
4135.265854 0.992526
4135.465847 0.978627
4135.665841 1.059591
4135.865834 0.967482
4136.065828 0.999420
4136.265821 0.942585
4136.465815 1.011827
4136.665808 0.993002
4136.865802 0.917515
4137.065795 1.019005
4137.265789 0.966396
4137.465782 0.953748
4137.665776 0.996901
4137.865769 0.969500
4138.065763 0.995495
4138.265756 0.996172
4138.465750 0.980541
4138.665743 1.003681
4138.865737 0.988026
4139.065730 0.948075
4139.265724 1.002532
4139.465717 0.968199
4139.665711 0.941685
4139.865704 0.942113
4140.065698 1.002139
4140.265691 1.023079
4140.465685 0.983529
4140.665678 0.983078
4140.865672 0.907642
4141.065665 0.973254
4141.265659 0.993901
4141.465652 0.875939
4141.665646 0.947935
4141.865639 0.947748
4142.065633 0.928725
4142.265627 0.941890
4142.465620 0.946565
4142.665614 0.936764
4142.865607 0.926927
4143.065601 0.909881
4143.265594 0.945517
4143.465588 0.927824
4143.665581 0.860770
4143.865575 0.953572
4144.065568 0.917630
4144.265562 0.943494
4144.465555 0.931611
4144.665549 1.014066
4144.865542 0.924265
4145.065536 1.025992
4145.265529 1.008741
4145.465523 0.946539
4145.665516 0.976835
4145.865510 0.936542
4146.065503 0.993209
4146.265497 0.962400
4146.465490 0.929551
4146.665484 0.986697
4146.865477 0.967446
4147.065471 0.937009
4147.265464 0.980154
4147.465458 0.954224
4147.665451 0.885134
4147.865445 0.992381
4148.065438 0.922808
4148.265432 0.934076
4148.465425 0.966228
4148.665419 0.935671
4148.865412 0.974836
4149.065406 0.969727
4149.265399 0.982573
4149.465393 0.935744
4149.665386 0.981898
4149.865380 1.016111
4150.065373 0.975141
4150.265367 0.991000
4150.465361 0.966181
4150.665354 0.971907
4150.865348 0.990969
4151.065341 1.047969
4151.265335 0.975037
4151.465328 1.005373
4151.665322 1.003308
4151.865315 0.939388
4152.065309 0.961521
4152.265302 1.032434
4152.465296 0.933026
4152.665289 0.976098
4152.865283 0.943941
4153.065276 0.990396
4153.265270 1.000703
4153.465263 0.983402
4153.665257 0.986345
4153.865250 1.038270
4154.065244 0.973493
4154.265237 1.018555
4154.465231 0.978171
4154.665224 1.093035
4154.865218 1.034506
4155.065211 1.020429
4155.265205 1.085017
4155.465198 0.997362
4155.665192 0.955281
4155.865185 1.039974
4156.065179 0.945461
4156.265172 1.016076
4156.465166 1.027818
4156.665159 1.075762
4156.865153 1.006373
4157.065146 0.979140
4157.265140 1.003284
4157.465133 1.058975
4157.665127 1.013004
4157.865120 1.014252
4158.065114 0.996563
4158.265107 0.978253
4158.465101 0.992761
4158.665095 1.028013
4158.865088 1.031430
4159.065082 1.020702
4159.265075 1.001153
4159.465069 0.980146
4159.665062 1.048438
4159.865056 1.053442
4160.065049 1.037589
4160.265043 1.007996
4160.465036 1.011871
4160.665030 0.997385
4160.865023 1.008043
4161.065017 0.984684
4161.265010 1.026678
4161.465004 0.990051
4161.664997 1.004726
4161.864991 1.012186
4162.064984 0.980639
4162.264978 1.075578
4162.464971 0.997962
4162.664965 0.970474
4162.864958 1.045575
4163.064952 0.973006
4163.264945 1.035707
4163.464939 0.980847
4163.664932 1.070410
4163.864926 0.963012
4164.064919 1.007545
4164.264913 1.058837
4164.464906 1.026011
4164.664900 1.000419
4164.864893 1.019099
4165.064887 1.010737
4165.264880 1.097283
4165.464874 0.992668
4165.664867 1.031290
4165.864861 1.038323
4166.064854 1.039090
4166.264848 0.980652
4166.464842 0.997558
4166.664835 0.982338
4166.864829 1.001146
4167.064822 1.002595
4167.264816 1.049144
4167.464809 1.025047
4167.664803 1.021684
4167.864796 1.036986
4168.064790 0.999836
4168.264783 0.986589
4168.464777 1.027538
4168.664770 1.005675
4168.864764 1.008425
4169.064757 0.965827
4169.264751 1.002137
4169.464744 0.966755
4169.664738 1.064335
4169.864731 1.011226
4170.064725 0.987195
4170.264718 0.961635
4170.464712 1.024246
4170.664705 1.012397
4170.864699 1.000795
4171.064692 0.984694
4171.264686 1.006178
4171.464679 1.041858
4171.664673 1.091670
4171.864666 1.024950
4172.064660 0.971351
4172.264653 0.980815
4172.464647 1.021943
4172.664640 0.960983
4172.864634 0.990746
4173.064627 0.978638
4173.264621 1.054572
4173.464614 1.013679
4173.664608 1.078172
4173.864601 1.056502
4174.064595 1.051832
4174.264588 0.986958
4174.464582 0.980986
4174.664576 0.970152
4174.864569 1.000062
4175.064563 1.039341
4175.264556 1.004560
4175.464550 1.024001
4175.664543 0.978384
4175.864537 0.948662
4176.064530 1.001658
4176.264524 1.032998
4176.464517 0.964331
4176.664511 1.084965
4176.864504 1.063842
4177.064498 0.984455
4177.264491 1.038785
4177.464485 1.019062
4177.664478 1.013071
4177.864472 0.992935
4178.064465 1.004449
4178.264459 0.986574
4178.464452 0.981077
4178.664446 1.062723
4178.864439 0.975320
4179.064433 1.013259
4179.264426 0.988363
4179.464420 1.024858
4179.664413 1.030911
4179.864407 1.009679
4180.064400 1.039392
4180.264394 1.018424
4180.464387 1.035691
4180.664381 0.974312
4180.864374 0.963053
4181.064368 0.984646
4181.264361 1.036913
4181.464355 1.058273
4181.664348 0.974525
4181.864342 0.941157
4182.064335 1.018849
4182.264329 1.028594
4182.464322 0.975324
4182.664316 1.009392
4182.864310 0.995385
4183.064303 1.068898
4183.264297 1.052248
4183.464290 1.018492
4183.664284 0.973479
4183.864277 1.013021
4184.064271 1.015251
4184.264264 1.016783
4184.464258 0.998757
4184.664251 1.014746
4184.864245 1.007692
4185.064238 0.993836
4185.264232 1.050219
4185.464225 1.011854
4185.664219 0.992580
4185.864212 0.969357
4186.064206 1.015092
4186.264199 1.020458
4186.464193 1.016030
4186.664186 1.013046
4186.864180 0.996596
4187.064173 0.999992
4187.264167 1.022050
4187.464160 1.044679
4187.664154 0.997421
4187.864147 1.008890
4188.064141 1.054207
4188.264134 0.991044
4188.464128 0.990925
4188.664121 0.989737
4188.864115 1.008571
4189.064108 1.032115
4189.264102 1.036979
4189.464095 1.037761
4189.664089 1.009569
4189.864082 1.004089
4190.064076 0.967119
4190.264069 0.987399
4190.464063 0.992518
4190.664056 1.003823
4190.864050 1.001611
4191.064044 1.010128
4191.264037 1.029701
4191.464031 1.019242
4191.664024 0.973633
4191.864018 1.052339
4192.064011 1.008597
4192.264005 1.006582
4192.463998 1.049253
4192.663992 1.023680
4192.863985 0.982902
4193.063979 1.008851
4193.263972 0.997816
4193.463966 1.062075
4193.663959 1.027094
4193.863953 1.008980
4194.063946 1.006472
4194.263940 1.012529
4194.463933 1.040730
4194.663927 1.013636
4194.863920 0.996663
4195.063914 1.033514
4195.263907 0.996989
4195.463901 1.012509
4195.663894 1.010926
4195.863888 0.987250
4196.063881 0.990616
4196.263875 0.963263
4196.463868 1.035849
4196.663862 1.010400
4196.863855 0.979695
4197.063849 1.061340
4197.263842 0.998189
4197.463836 0.993950
4197.663829 0.972370
4197.863823 1.023712
4198.063816 1.000678
4198.263810 0.999899
4198.463803 1.028907
4198.663797 1.019551
4198.863790 0.996477
4199.063784 1.016817
4199.263778 1.006673
4199.463771 0.989935
4199.663765 1.031291
4199.863758 1.050160
4200.063752 1.029468
4200.263745 1.004304
4200.463739 1.009093
4200.663732 0.986469
4200.863726 1.050601
4201.063719 1.045975
4201.263713 1.055144
4201.463706 1.009634
4201.663700 0.982711
4201.863693 1.002229
4202.063687 1.022325
4202.263680 1.048225
4202.463674 1.092553
4202.663667 1.050438
4202.863661 1.032141
4203.063654 1.011261
4203.263648 1.000699
4203.463641 0.984352
4203.663635 1.043397
4203.863628 0.996927
4204.063622 1.031572
4204.263615 1.069039
4204.463609 1.059079
4204.663602 0.984817
4204.863596 0.983025
4205.063589 1.014225
4205.263583 1.036346
4205.463576 1.005933
4205.663570 1.007309
4205.863563 1.028051
4206.063557 1.003466
4206.263550 1.035622
4206.463544 0.980170
4206.663537 0.985477
4206.863531 1.033710
4207.063524 1.051592
4207.263518 1.011431
4207.463512 0.983378
4207.663505 1.034379
4207.863499 0.990161
4208.063492 0.970852
4208.263486 0.962735
4208.463479 0.963295
4208.663473 1.021165
4208.863466 1.033851
4209.063460 0.988624
4209.263453 1.002584
4209.463447 0.973184
4209.663440 1.021118
4209.863434 1.045363
4210.063427 1.019729
4210.263421 1.008037
4210.463414 0.972550
4210.663408 1.009058
4210.863401 1.048680
4211.063395 1.053743
4211.263388 1.012576
4211.463382 0.978284
4211.663375 0.983785
4211.863369 1.082873
4212.063362 1.044940
4212.263356 0.972405
4212.463349 1.028712
4212.663343 1.052313
4212.863336 1.058400
4213.063330 1.033423
4213.263323 1.014505
4213.463317 1.058075
4213.663310 0.993397
4213.863304 1.003938
4214.063297 1.018656
4214.263291 0.967945
4214.463284 0.985490
4214.663278 1.002648
4214.863271 1.051896
4215.063265 1.001763
4215.263258 1.021688
4215.463252 1.023605
4215.663246 1.000197
4215.863239 1.029542
4216.063233 1.041274
4216.263226 1.006394
4216.463220 0.980122
4216.663213 1.005470
4216.863207 1.004235
4217.063200 1.025778
4217.263194 1.001786
4217.463187 1.006755
4217.663181 0.946446
4217.863174 1.019431
4218.063168 1.027752
4218.263161 0.989758
4218.463155 1.020230
4218.663148 1.007516
4218.863142 1.050906
4219.063135 1.009439
4219.263129 1.003752
4219.463122 1.026613
4219.663116 1.012903
4219.863109 1.001886
4220.063103 0.983604
4220.263096 1.078027
4220.463090 0.980603
4220.663083 1.003019
4220.863077 1.009852
4221.063070 1.005796
4221.263064 0.993621
4221.463057 0.985249
4221.663051 1.006767
4221.863044 1.001693
4222.063038 0.992610
4222.263031 1.024385
4222.463025 0.985346
4222.663018 1.002935
4222.863012 1.021816
4223.063005 1.028521
4223.262999 0.993091
4223.462993 1.067680
4223.662986 0.993899
4223.862980 1.037743
4224.062973 1.061162
4224.262967 0.979419
4224.462960 1.017664
4224.662954 0.991522
4224.862947 0.990002
4225.062941 1.019496
4225.262934 0.979240
4225.462928 1.034195
4225.662921 0.997401
4225.862915 1.016280
4226.062908 1.030358
4226.262902 1.007291
4226.462895 1.007867
4226.662889 1.063311
4226.862882 0.974199
4227.062876 1.029000
4227.262869 0.996131
4227.462863 1.069885
4227.662856 1.031128
4227.862850 1.001740
4228.062843 1.011816
4228.262837 1.010555
4228.462830 1.014811
4228.662824 0.992420
4228.862817 1.048361
4229.062811 0.997178
4229.262804 1.010132
4229.462798 0.985871
4229.662791 1.033455
4229.862785 1.012004
4230.062778 1.011778
4230.262772 1.054932
4230.462765 1.012623
4230.662759 1.001661
4230.862752 1.083845
4231.062746 1.002293
4231.262739 1.016233
4231.462733 1.034587
4231.662727 1.014162
4231.862720 1.007358
4232.062714 1.031562
4232.262707 1.033563
4232.462701 1.034687
4232.662694 1.055908
4232.862688 1.049165
4233.062681 1.022069
4233.262675 1.002972
4233.462668 1.027421
4233.662662 1.019492
4233.862655 0.992369
4234.062649 0.997067
4234.262642 0.987626
4234.462636 0.993048
4234.662629 1.027976
4234.862623 1.004946
4235.062616 0.989310
4235.262610 0.994165
4235.462603 0.980667
4235.662597 1.001059
4235.862590 1.028035
4236.062584 0.900777
4236.262577 1.042965
4236.462571 0.991272
4236.662564 1.018111
4236.862558 0.997371
4237.062551 1.023383
4237.262545 1.038414
4237.462538 0.982664
4237.662532 1.049267
4237.862525 1.031813
4238.062519 0.946013
4238.262512 0.985802
4238.462506 1.028912
4238.662499 1.049674
4238.862493 1.013988
4239.062486 0.966795
4239.262480 1.019433
4239.462473 1.042979
4239.662467 1.003232
4239.862461 1.013596
4240.062454 0.990348
4240.262448 1.026400
4240.462441 1.027340
4240.662435 0.991304
4240.862428 1.009253
4241.062422 1.028325
4241.262415 0.982733
4241.462409 1.031443
4241.662402 1.010142
4241.862396 1.038954
4242.062389 0.967482
4242.262383 0.948300
4242.462376 1.034354
4242.662370 1.059580
4242.862363 0.996976
4243.062357 1.042111
4243.262350 1.033479
4243.462344 0.978490
4243.662337 1.005233
4243.862331 0.998322
4244.062324 1.004750
4244.262318 1.060568
4244.462311 1.004630
4244.662305 1.010588
4244.862298 1.000894
4245.062292 1.015168
4245.262285 0.985409
4245.462279 1.029318
4245.662272 1.027072
4245.862266 0.965846
4246.062259 0.967286
4246.262253 1.023533
4246.462246 0.991523
4246.662240 1.002364
4246.862233 1.034237
4247.062227 1.008232
4247.262220 0.937532
4247.462214 1.021369
4247.662207 1.010895
4247.862201 0.987803
4248.062195 1.029840
4248.262188 1.006518
4248.462182 1.053512
4248.662175 1.005094
4248.862169 1.001877
4249.062162 1.025777
4249.262156 0.987717
4249.462149 1.051413
4249.662143 0.981447
4249.862136 0.989594
4250.062130 1.020437
4250.262123 1.045257
4250.462117 0.998634
4250.662110 1.051716
4250.862104 0.983940
4251.062097 0.999905
4251.262091 1.008027
4251.462084 1.022712
4251.662078 0.983782
4251.862071 1.004864
4252.062065 0.995743
4252.262058 0.959226
4252.462052 0.995924
4252.662045 1.066563
4252.862039 1.068999
4253.062032 0.976277
4253.262026 1.022194
4253.462019 1.008465
4253.662013 0.950305
4253.862006 0.996949
4254.062000 1.015499
4254.261993 1.021805
4254.461987 0.990823
4254.661980 1.000938
4254.861974 0.970377
4255.061967 1.068796
4255.261961 1.011595
4255.461954 1.037413
4255.661948 0.996689
4255.861941 0.976281
4256.061935 1.013705
4256.261929 1.040402
4256.461922 1.004403
4256.661916 0.991418
4256.861909 1.000513
4257.061903 1.051658
4257.261896 1.030154
4257.461890 1.023179
4257.661883 0.999495
4257.861877 0.982986
4258.061870 0.976275
4258.261864 1.006503
4258.461857 0.980598
4258.661851 1.009650
4258.861844 1.053543
4259.061838 1.018476
4259.261831 1.024756
4259.461825 1.002766
4259.661818 0.954611
4259.861812 0.985777
4260.061805 1.041864
4260.261799 0.994920
4260.461792 1.010244
4260.661786 0.998938
4260.861779 0.984735
4261.061773 0.964548
4261.261766 1.013739
4261.461760 1.040205
4261.661753 0.989303
4261.861747 0.967145
4262.061740 1.038015
4262.261734 0.993414
4262.461727 1.030833
4262.661721 1.003947
4262.861714 1.030296
4263.061708 0.988409
4263.261701 1.030145
4263.461695 1.016700
4263.661688 0.998580
4263.861682 1.013948
4264.061675 1.008017
4264.261669 1.024094
4264.461663 1.039376
4264.661656 1.013185
4264.861650 1.044010
4265.061643 1.016538
4265.261637 1.021467
4265.461630 0.990001
4265.661624 0.985119
4265.861617 0.997254
4266.061611 1.027611
4266.261604 1.058693
4266.461598 1.047625
4266.661591 0.974895
4266.861585 1.029544
4267.061578 1.021047
4267.261572 0.969192
4267.461565 1.027648
4267.661559 1.040935
4267.861552 1.021260
4268.061546 1.004094
4268.261539 1.018473
4268.461533 0.994417
4268.661526 0.949338
4268.861520 0.975032
4269.061513 1.056818
4269.261507 1.035725
4269.461500 1.018643
4269.661494 0.970370
4269.861487 1.018942
4270.061481 0.999170
4270.261474 1.036595
4270.461468 0.991048
4270.661461 1.036024
4270.861455 1.019555
4271.061448 0.985451
4271.261442 0.986255
4271.461435 1.033053
4271.661429 1.002036
4271.861422 0.983526
4272.061416 1.002110
4272.261410 0.998354
4272.461403 1.049333
4272.661397 1.030324
4272.861390 1.026807
4273.061384 1.044420
4273.261377 1.002599
4273.461371 1.006912
4273.661364 0.976573
4273.861358 1.052267
4274.061351 1.021759
4274.261345 1.015700
4274.461338 1.032365
4274.661332 0.961925
4274.861325 0.996143
4275.061319 1.006403
4275.261312 0.981665
4275.461306 1.012304
4275.661299 0.962918
4275.861293 1.011790
4276.061286 1.021296
4276.261280 1.022715
4276.461273 1.022277
4276.661267 0.998933
4276.861260 1.024632
4277.061254 0.996210
4277.261247 0.995231
4277.461241 0.991851
4277.661234 1.054657
4277.861228 0.975546
4278.061221 1.030586
4278.261215 1.041292
4278.461208 0.958069
4278.661202 0.991483
4278.861195 0.976759
4279.061189 0.981034
4279.261182 0.995763
4279.461176 0.978450
4279.661169 1.010547
4279.861163 0.988795
4280.061156 0.970949
4280.261150 1.001724
4280.461144 0.993799
4280.661137 0.997164
4280.861131 0.986268
4281.061124 1.046985
4281.261118 1.005833
4281.461111 1.018698
4281.661105 1.055899
4281.861098 1.022866
4282.061092 1.040357
4282.261085 0.943970
4282.461079 1.017483
4282.661072 0.991014
4282.861066 0.994585
4283.061059 0.987845
4283.261053 0.934827
4283.461046 0.918954
4283.661040 0.993377
4283.861033 1.009588
4284.061027 1.056042
4284.261020 0.996391
4284.461014 1.002471
4284.661007 1.022759
4284.861001 1.030272
4285.060994 1.029637
4285.260988 1.019249
4285.460981 1.042110
4285.660975 0.965082
4285.860968 0.997931
4286.060962 0.960733
4286.260955 1.052926
4286.460949 1.003242
4286.660942 1.030733
4286.860936 0.984556
4287.060929 0.978322
4287.260923 1.035847
4287.460916 1.002826
4287.660910 1.020624
4287.860903 0.923832
4288.060897 1.039019
4288.260890 0.996592
4288.460884 0.919039
4288.660878 1.017815
4288.860871 1.005369
4289.060865 0.973352
4289.260858 0.997229
4289.460852 1.000337
4289.660845 1.017264
4289.860839 0.984789
4290.060832 1.032241
4290.260826 0.959174
4290.460819 1.011190
4290.660813 0.996563
4290.860806 1.033956
4291.060800 1.017876
4291.260793 1.027558
4291.460787 1.035051
4291.660780 1.020761
4291.860774 1.024476
4292.060767 1.001573
4292.260761 0.962005
4292.460754 0.957704
4292.660748 0.946539
4292.860741 1.008032
4293.060735 0.996489
4293.260728 0.999849
4293.460722 0.966992
4293.660715 0.996869
4293.860709 0.979027
4294.060702 0.991393
4294.260696 0.995077
4294.460689 1.015075
4294.660683 1.068734
4294.860676 1.069671
4295.060670 0.977222
4295.260663 0.983915
4295.460657 0.949592
4295.660650 1.001832
4295.860644 1.017957
4296.060637 1.030307
4296.260631 0.981560
4296.460624 0.984652
4296.660618 1.001055
4296.860612 1.008241
4297.060605 1.055265
4297.260599 1.053051
4297.460592 0.992822
4297.660586 0.981595
4297.860579 0.991350
4298.060573 0.924655
4298.260566 0.965634
4298.460560 1.052536
4298.660553 0.972375
4298.860547 0.984174
4299.060540 0.950527
4299.260534 1.001083
4299.460527 0.970741
4299.660521 1.030601
4299.860514 1.000173
4300.060508 0.999423
4300.260501 0.980597
4300.460495 1.029216
4300.660488 0.990835
4300.860482 1.003295
4301.060475 1.045515
4301.260469 0.987568
4301.460462 0.991129
4301.660456 0.943070
4301.860449 1.017425
4302.060443 0.999764
4302.260436 1.025713
4302.460430 1.011217
4302.660423 1.016478
4302.860417 0.990535
4303.060410 1.005133
4303.260404 0.977126
4303.460397 0.947528
4303.660391 1.061854
4303.860384 1.004607
4304.060378 1.012453
4304.260371 1.005929
4304.460365 0.958981
4304.660358 0.992112
4304.860352 1.090957
4305.060346 1.012170
4305.260339 1.006062
4305.460333 0.974214
4305.660326 0.970312
4305.860320 0.956306
4306.060313 0.986333
4306.260307 0.973086
4306.460300 1.051425
4306.660294 0.997136
4306.860287 0.992405
4307.060281 0.988443
4307.260274 0.923713
4307.460268 0.970982
4307.660261 0.996343
4307.860255 0.940351
4308.060248 0.977296
4308.260242 1.014170
4308.460235 0.987421
4308.660229 0.957828
4308.860222 0.959167
4309.060216 1.074787
4309.260209 0.934036
4309.460203 0.988711
4309.660196 1.008073
4309.860190 0.996561
4310.060183 1.003378
4310.260177 0.967172
4310.460170 0.960993
4310.660164 1.019817
4310.860157 1.004997
4311.060151 1.010761
4311.260144 0.980540
4311.460138 1.021387
4311.660131 1.011793
4311.860125 1.005448
4312.060118 1.021528
4312.260112 1.032473
4312.460105 0.966615
4312.660099 0.992644
4312.860092 0.928361
4313.060086 0.958852
4313.260080 0.985630
4313.460073 0.953493
4313.660067 0.977945
4313.860060 0.964712
4314.060054 0.930861
4314.260047 0.983618
4314.460041 0.993130
4314.660034 0.999956
4314.860028 0.956023
4315.060021 0.985385
4315.260015 0.990488
4315.460008 1.019024
4315.660002 0.993591
4315.859995 0.995610
4316.059989 0.978838
4316.259982 0.999980
4316.459976 0.990958
4316.659969 1.006305
4316.859963 1.005655
4317.059956 0.951976
4317.259950 0.999266
4317.459943 0.977784
4317.659937 1.012232
4317.859930 0.945840
4318.059924 0.986602
4318.259917 0.998987
4318.459911 0.992992
4318.659904 0.995048
4318.859898 0.989873
4319.059891 1.018910
4319.259885 1.035442
4319.459878 0.966960
4319.659872 0.989124
4319.859865 0.966099
4320.059859 0.976714
4320.259852 0.967663
4320.459846 0.987057
4320.659839 0.969401
4320.859833 0.994136
4321.059826 0.941645
4321.259820 0.978373
4321.459814 1.050262
4321.659807 1.015914
4321.859801 0.949458
4322.059794 0.990437
4322.259788 0.998340
4322.459781 0.969708
4322.659775 0.951020
4322.859768 0.985687
4323.059762 1.028521
4323.259755 0.961262
4323.459749 0.978664
4323.659742 0.968219
4323.859736 0.963872
4324.059729 0.987242
4324.259723 0.953083
4324.459716 0.951563
4324.659710 0.990763
4324.859703 0.970059
4325.059697 0.969893
4325.259690 0.962168
4325.459684 0.988949
4325.659677 0.976234
4325.859671 0.985902
4326.059664 0.956714
4326.259658 0.954146
4326.459651 0.940596
4326.659645 1.000499
4326.859638 0.974699
4327.059632 0.942378
4327.259625 1.014512
4327.459619 0.934728
4327.659612 0.940489
4327.859606 0.971204
4328.059599 0.981641
4328.259593 0.969897
4328.459586 1.024104
4328.659580 1.013348
4328.859573 0.960623
4329.059567 0.963348
4329.259561 0.902089
4329.459554 0.913065
4329.659548 0.967205
4329.859541 0.966454
4330.059535 0.950373
4330.259528 0.965135
4330.459522 0.985458
4330.659515 0.974737
4330.859509 0.903702
4331.059502 0.954325
4331.259496 0.960952
4331.459489 0.946962
4331.659483 0.923279
4331.859476 0.921924
4332.059470 0.924058
4332.259463 0.957762
4332.459457 0.936174
4332.659450 0.917118
4332.859444 0.899877
4333.059437 0.938895
4333.259431 0.968543
4333.459424 0.911250
4333.659418 0.914272
4333.859411 0.917463
4334.059405 0.954907
4334.259398 0.916479
4334.459392 0.901600
4334.659385 0.916145
4334.859379 0.905493
4335.059372 0.890953
4335.259366 0.871167
4335.459359 0.831490
4335.659353 0.816229
4335.859346 0.802965
4336.059340 0.847333
4336.259333 0.817877
4336.459327 0.830337
4336.659320 0.825926
4336.859314 0.788295
4337.059307 0.770846
4337.259301 0.783781
4337.459295 0.799186
4337.659288 0.758144
4337.859282 0.791159
4338.059275 0.765418
4338.259269 0.749583
4338.459262 0.785038
4338.659256 0.756923
4338.859249 0.727725
4339.059243 0.776365
4339.259236 0.724231
4339.459230 0.701806
4339.659223 0.730583
4339.859217 0.722137
4340.059210 0.743017
4340.259204 0.702707
4340.459197 0.689017
4340.659191 0.706977
4340.859184 0.682391
4341.059178 0.736098
4341.259171 0.828278
4341.459165 0.737525
4341.659158 0.727200
4341.859152 0.736040
4342.059145 0.733778
4342.259139 0.761425
4342.459132 0.782645
4342.659126 0.793949
4342.859119 0.800953
4343.059113 0.777847
4343.259106 0.809664
4343.459100 0.776219
4343.659093 0.759794
4343.859087 0.760117
4344.059080 0.754564
4344.259074 0.672315
4344.459067 0.741758
4344.659061 0.725655
4344.859054 0.729728
4345.059048 0.688760
4345.259041 0.708129
4345.459035 0.694398
4345.659029 0.715885
4345.859022 0.765147
4346.059016 0.715914
4346.259009 0.713331
4346.459003 0.777042
4346.658996 0.754841
4346.858990 0.773263
4347.058983 0.786206
4347.258977 0.823300
4347.458970 0.819798
4347.658964 0.812101
4347.858957 0.815518
4348.058951 0.853181
4348.258944 0.846357
4348.458938 0.865020
4348.658931 0.817409
4348.858925 0.841292
4349.058918 0.806243
4349.258912 0.864977
4349.458905 0.835834
4349.658899 0.840674
4349.858892 0.907016
4350.058886 0.883825
4350.258879 0.834215
4350.458873 0.884652
4350.658866 0.845995
4350.858860 0.930458
4351.058853 0.859864
4351.258847 0.907830
4351.458840 0.871067
4351.658834 0.947453
4351.858827 0.888578
4352.058821 0.900741
4352.258814 0.925463
4352.458808 0.941100
4352.658801 0.928119
4352.858795 0.941616
4353.058788 0.931077
4353.258782 0.935213
4353.458775 0.932764
4353.658769 0.908117
4353.858763 0.907027
4354.058756 0.883251
4354.258750 0.927373
4354.458743 0.923279
4354.658737 0.905721
4354.858730 0.944720
4355.058724 0.891938
4355.258717 0.983428
4355.458711 0.950398
4355.658704 0.945796
4355.858698 0.935646
4356.058691 0.942358
4356.258685 0.919657
4356.458678 0.949202
4356.658672 0.938143
4356.858665 1.008387
4357.058659 0.983157
4357.258652 0.958685
4357.458646 0.928159
4357.658639 0.955337
4357.858633 0.959523
4358.058626 0.988919
4358.258620 0.957200
4358.458613 0.959054
4358.658607 0.969915
4358.858600 0.923218
4359.058594 0.933999
4359.258587 1.024740
4359.458581 0.985653
4359.658574 1.019393
4359.858568 0.937972
4360.058561 1.002419
4360.258555 1.013681
4360.458548 0.987531
4360.658542 0.985271
4360.858535 0.962644
4361.058529 0.992122
4361.258522 0.951366
4361.458516 0.975261
4361.658509 1.019659
4361.858503 0.978193
4362.058497 1.001128
4362.258490 1.013781
4362.458484 1.018544
4362.658477 1.029564
4362.858471 0.994979
4363.058464 0.980736
4363.258458 0.985408
4363.458451 1.022022
4363.658445 0.999688
4363.858438 0.988068
4364.058432 0.998326
4364.258425 0.956122
4364.458419 0.958627
4364.658412 0.950182
4364.858406 0.970900
4365.058399 0.990778
4365.258393 0.976613
4365.458386 1.041124
4365.658380 1.009633
4365.858373 0.990857
4366.058367 1.012622
4366.258360 0.998193
4366.458354 1.023613
4366.658347 1.025435
4366.858341 1.029774
4367.058334 0.971426
4367.258328 0.976793
4367.458321 1.024150
4367.658315 1.018619
4367.858308 1.007061
4368.058302 0.987210
4368.258295 1.016251
4368.458289 1.016286
4368.658282 0.980537
4368.858276 0.987140
4369.058269 1.015335
4369.258263 1.043056
4369.458256 1.037470
4369.658250 1.027576
4369.858243 0.965448
4370.058237 1.008569
4370.258231 0.954019
4370.458224 0.990705
4370.658218 1.025102
4370.858211 0.979777
4371.058205 1.001291
4371.258198 1.017118
4371.458192 1.006723
4371.658185 0.983421
4371.858179 0.950567
4372.058172 0.978048
4372.258166 0.966788
4372.458159 0.986865
4372.658153 0.993609
4372.858146 0.969660
4373.058140 0.995471
4373.258133 1.002716
4373.458127 0.963389
4373.658120 1.027379
4373.858114 0.995999
4374.058107 0.996766
4374.258101 1.056219
4374.458094 0.948617
4374.658088 0.979296
4374.858081 0.991551
4375.058075 1.041851
4375.258068 1.047863
4375.458062 0.992931
4375.658055 1.001465
4375.858049 0.996770
4376.058042 0.970483
4376.258036 0.990472
4376.458029 0.987295
4376.658023 0.983315
4376.858016 0.938491
4377.058010 0.965820
4377.258003 0.995616
4377.457997 0.973733
4377.657990 0.981940
4377.857984 1.013005
4378.057978 0.960212
4378.257971 0.984768
4378.457965 0.971522
4378.657958 1.044375
4378.857952 1.000951
4379.057945 1.010915
4379.257939 1.050907
4379.457932 0.981496
4379.657926 0.947386
4379.857919 0.984883
4380.057913 1.055603
4380.257906 0.987622
4380.457900 1.017469
4380.657893 0.997341
4380.857887 1.025839
4381.057880 0.993525
4381.257874 0.989751
4381.457867 1.031716
4381.657861 1.012760
4381.857854 1.034851
4382.057848 0.987998
4382.257841 1.024699
4382.457835 0.998015
4382.657828 0.967648
4382.857822 1.010494
4383.057815 1.034529
4383.257809 0.995562
4383.457802 1.023051
4383.657796 0.974015
4383.857789 0.973668
4384.057783 0.975674
4384.257776 1.013515
4384.457770 0.989779
4384.657763 0.955856
4384.857757 0.969747
4385.057750 0.923746
4385.257744 0.945494
4385.457737 0.920071
4385.657731 0.938804
4385.857724 0.910635
4386.057718 0.957845
4386.257712 0.894915
4386.457705 0.917393
4386.657699 0.927566
4386.857692 0.936876
4387.057686 0.927102
4387.257679 0.948789
4387.457673 0.947345
4387.657666 0.918892
4387.857660 0.946670
4388.057653 0.952809
4388.257647 0.934612
4388.457640 0.908495
4388.657634 0.963424
4388.857627 0.914566
4389.057621 0.921752
4389.257614 0.929216
4389.457608 0.918152
4389.657601 0.995372
4389.857595 0.975996
4390.057588 0.978148
4390.257582 0.979576
4390.457575 0.933830
4390.657569 0.959699
4390.857562 0.957835
4391.057556 0.930135
4391.257549 0.873076
4391.457543 0.918677
4391.657536 0.954604
4391.857530 0.912370
4392.057523 0.964582
4392.257517 0.933340
4392.457510 0.925394
4392.657504 0.917028
4392.857497 0.917920
4393.057491 0.922540
4393.257484 0.980824
4393.457478 0.899782
4393.657471 0.953143
4393.857465 0.999108
4394.057458 0.950346
4394.257452 0.970593
4394.457446 0.975756
4394.657439 1.002782
4394.857433 0.964123
4395.057426 1.005095
4395.257420 0.996843
4395.457413 1.008595
4395.657407 0.998405
4395.857400 1.023189
4396.057394 1.003400
4396.257387 1.008810
4396.457381 1.008629
4396.657374 0.956799
4396.857368 0.936571
4397.057361 1.002912
4397.257355 1.006890
4397.457348 1.010694
4397.657342 1.003336
4397.857335 1.008777
4398.057329 1.004471
4398.257322 1.000615
4398.457316 0.961604
4398.657309 0.962915
4398.857303 1.060901
4399.057296 0.996178
4399.257290 1.012126
4399.457283 1.018032
4399.657277 1.059053
4399.857270 1.007116
4400.057264 1.003897
4400.257257 0.942230
4400.457251 1.020769
4400.657244 1.010762
4400.857238 1.000265
4401.057231 0.978090
4401.257225 1.009147
4401.457218 1.043424
4401.657212 1.008054
4401.857205 0.998717
4402.057199 1.071505
4402.257192 1.007191
4402.457186 1.030820
4402.657180 0.996467
4402.857173 1.009746
4403.057167 1.007323
4403.257160 1.020606
4403.457154 0.982605
4403.657147 1.021755
4403.857141 0.979909
4404.057134 0.987836
4404.257128 0.989716
4404.457121 0.973603
4404.657115 1.003982
4404.857108 1.026317
4405.057102 1.048306
4405.257095 1.037131
4405.457089 0.985458
4405.657082 1.007900
4405.857076 1.028831
4406.057069 1.004316
4406.257063 1.021196
4406.457056 1.055913
4406.657050 1.043581
4406.857043 0.978787
4407.057037 0.995856
4407.257030 1.010321
4407.457024 1.018282
4407.657017 1.037629
4407.857011 1.032472
4408.057004 1.048253
4408.256998 1.022138
4408.456991 1.015797
4408.656985 0.980016
4408.856978 1.024047
4409.056972 0.977137
4409.256965 0.999736
4409.456959 1.066172
4409.656952 1.006708
4409.856946 0.989944
4410.056939 0.985359
4410.256933 0.986904
4410.456926 1.052356
4410.656920 1.053216
4410.856914 1.006819
4411.056907 1.024902
4411.256901 0.999790
4411.456894 0.996575
4411.656888 0.943680
4411.856881 0.962024
4412.056875 1.023919
4412.256868 0.988721
4412.456862 1.030964
4412.656855 1.048730
4412.856849 1.003837
4413.056842 1.003779
4413.256836 1.044356
4413.456829 0.994678
4413.656823 0.992931
4413.856816 0.939088
4414.056810 0.991702
4414.256803 0.991216
4414.456797 1.007901
4414.656790 0.982676
4414.856784 1.019808
4415.056777 1.008940
4415.256771 1.024779
4415.456764 0.967870
4415.656758 0.932631
4415.856751 1.022087
4416.056745 1.015218
4416.256738 0.987191
4416.456732 0.973722
4416.656725 1.002261
4416.856719 1.003579
4417.056712 1.036231
4417.256706 0.975902
4417.456699 1.044138
4417.656693 1.005741
4417.856686 1.025505
4418.056680 0.959641
4418.256673 1.030567
4418.456667 1.033386
4418.656660 1.012380
4418.856654 1.034894
4419.056648 0.999556
4419.256641 0.987239
4419.456635 0.998130
4419.656628 1.055476
4419.856622 0.980576
4420.056615 0.970412
4420.256609 0.957291
4420.456602 1.008749
4420.656596 0.987755
4420.856589 1.007029
4421.056583 0.989621
4421.256576 0.963645
4421.456570 0.985481
4421.656563 1.021779
4421.856557 0.985610
4422.056550 1.018614
4422.256544 0.993936
4422.456537 1.040309
4422.656531 0.983578
4422.856524 0.977030
4423.056518 1.026036
4423.256511 1.005264
4423.456505 1.005551
4423.656498 0.967906
4423.856492 0.984910
4424.056485 1.008529
4424.256479 1.016880
4424.456472 1.008172
4424.656466 1.028144
4424.856459 0.990631
4425.056453 0.981707
4425.256446 0.973124
4425.456440 1.029348
4425.656433 1.026260
4425.856427 0.999461
4426.056420 0.975745
4426.256414 0.982290
4426.456407 0.977901
4426.656401 0.976730
4426.856394 0.982850
4427.056388 0.971686
4427.256382 0.984522
4427.456375 1.011979
4427.656369 0.998668
4427.856362 1.020053
4428.056356 0.989262
4428.256349 1.023502
4428.456343 1.041282
4428.656336 0.993365
4428.856330 0.994721
4429.056323 1.018917
4429.256317 1.018743
4429.456310 1.044081
4429.656304 1.035794
4429.856297 1.020118
4430.056291 1.037615
4430.256284 1.021938
4430.456278 1.049827
4430.656271 1.021544
4430.856265 1.029523
4431.056258 1.013775
4431.256252 0.956429
4431.456245 0.989154
4431.656239 0.968562
4431.856232 1.053545
4432.056226 1.061888
4432.256219 0.997345
4432.456213 0.990085
4432.656206 1.016255
4432.856200 1.042635
4433.056193 1.006507
4433.256187 1.034680
4433.456180 1.013703
4433.656174 1.021897
4433.856167 1.036082
4434.056161 0.992648
4434.256154 0.987785
4434.456148 1.019382
4434.656141 1.046149
4434.856135 1.045705
4435.056129 1.050756
4435.256122 1.009643
4435.456116 1.008364
4435.656109 1.019270
4435.856103 1.006408
4436.056096 0.964952
4436.256090 0.977447
4436.456083 1.004844
4436.656077 1.004565
4436.856070 1.002565
4437.056064 0.988991
4437.256057 0.991251
4437.456051 1.033578
4437.656044 0.999765
4437.856038 0.951545
4438.056031 0.948934
4438.256025 0.983463
4438.456018 1.007481
4438.656012 0.986198
4438.856005 1.025631
4439.055999 0.985279
4439.255992 1.002374
4439.455986 0.959083
4439.655979 0.987076
4439.855973 1.006779
4440.055966 0.932269
4440.255960 0.973982
4440.455953 1.010016
4440.655947 1.014930
4440.855940 1.002594
4441.055934 0.938865
4441.255927 1.008836
4441.455921 1.004229
4441.655914 0.982930
4441.855908 1.043333
4442.055901 1.042863
4442.255895 1.013547
4442.455888 1.047569
4442.655882 1.035295
4442.855875 1.014982
4443.055869 1.028785
4443.255863 1.059564
4443.455856 1.004290
4443.655850 1.021718
4443.855843 1.009775
4444.055837 1.005845
4444.255830 0.990040
4444.455824 1.076380
4444.655817 0.981457
4444.855811 1.010869
4445.055804 1.044198
4445.255798 1.035560
4445.455791 0.955829
4445.655785 0.975064
4445.855778 1.011303
4446.055772 0.957955
4446.255765 1.013180
4446.455759 1.041225
4446.655752 1.037761
4446.855746 1.032538
4447.055739 1.033990
4447.255733 1.029051
4447.455726 1.016068
4447.655720 1.076741
4447.855713 1.014033
4448.055707 1.002492
4448.255700 1.039452
4448.455694 1.038370
4448.655687 0.973798
4448.855681 0.952067
4449.055674 1.019295
4449.255668 1.019001
4449.455661 0.951915
4449.655655 1.012178
4449.855648 1.014153
4450.055642 0.973472
4450.255635 1.048707
4450.455629 0.996912
4450.655622 1.018325
4450.855616 1.007225
4451.055609 1.063834
4451.255603 1.025300
4451.455597 1.009486
4451.655590 1.017916
4451.855584 1.000399
4452.055577 0.972058
4452.255571 1.016808
4452.455564 1.082321
4452.655558 1.023436
4452.855551 0.989706
4453.055545 1.006702
4453.255538 1.003711
4453.455532 1.023632
4453.655525 1.008845
4453.855519 1.067041
4454.055512 1.050797
4454.255506 1.041887
4454.455499 1.057664
4454.655493 1.042827
4454.855486 1.072897
4455.055480 1.063684
4455.255473 1.008750
4455.455467 1.000619
4455.655460 1.009866
4455.855454 1.039596
4456.055447 0.997705
4456.255441 0.962603
4456.455434 1.016385
4456.655428 1.060815
4456.855421 0.966161
4457.055415 1.009112
4457.255408 1.083968
4457.455402 1.054581
4457.655395 1.049971
4457.855389 0.978818
4458.055382 0.940963
4458.255376 1.022029
4458.455369 0.971615
4458.655363 0.988449
4458.855356 1.035510
4459.055350 1.058645
4459.255343 1.049461
4459.455337 1.006787
4459.655331 1.018433
4459.855324 0.997136
4460.055318 1.041293
4460.255311 1.043195
4460.455305 1.075988
4460.655298 1.010595
4460.855292 1.035793
4461.055285 1.007971
4461.255279 1.014839
4461.455272 1.041314
4461.655266 1.029979
4461.855259 0.997126
4462.055253 1.005367
4462.255246 0.997608
4462.455240 1.022487
4462.655233 1.001886
4462.855227 1.007366
4463.055220 0.995656
4463.255214 1.037416
4463.455207 1.047447
4463.655201 0.954751
4463.855194 0.989018
4464.055188 1.038011
4464.255181 0.976185
4464.455175 1.024744
4464.655168 1.006181
4464.855162 1.026474
4465.055155 1.007069
4465.255149 1.006623
4465.455142 0.983605
4465.655136 1.041049
4465.855129 1.028842
4466.055123 1.018190
4466.255116 1.033876
4466.455110 1.001632
4466.655103 0.996472
4466.855097 0.992463
4467.055090 0.982767
4467.255084 0.915725
4467.455077 1.048494
4467.655071 0.991359
4467.855065 0.959331
4468.055058 0.984898
4468.255052 0.960107
4468.455045 0.970792
4468.655039 0.910453
4468.855032 0.904281
4469.055026 0.925761
4469.255019 0.932999
4469.455013 0.915811
4469.655006 0.935185
4469.855000 0.851515
4470.054993 0.906659
4470.254987 0.918652
4470.454980 0.898664
4470.654974 0.841389
4470.854967 0.889733
4471.054961 0.876591
4471.254954 0.892715
4471.454948 0.882653
4471.654941 0.898711
4471.854935 0.876540
4472.054928 0.923273
4472.254922 0.940817
4472.454915 0.917819
4472.654909 0.893817
4472.854902 0.921918
4473.054896 0.991391
4473.254889 0.928718
4473.454883 0.934376
4473.654876 0.935039
4473.854870 0.867409
4474.054863 0.925910
4474.254857 0.964378
4474.454850 0.956486
4474.654844 0.920616
4474.854837 0.906867
4475.054831 0.918311
4475.254824 0.883245
4475.454818 0.948021
4475.654811 0.905614
4475.854805 0.867637
4476.054799 0.853912
4476.254792 0.891484
4476.454786 0.889944
4476.654779 0.875524
4476.854773 0.909225
4477.054766 0.932031
4477.254760 0.934208
4477.454753 0.946377
4477.654747 0.933678
4477.854740 0.973392
4478.054734 0.976916
4478.254727 0.932600
4478.454721 0.970912
4478.654714 0.986270
4478.854708 0.976363
4479.054701 0.946274
4479.254695 0.990734
4479.454688 1.000740
4479.654682 0.914353
4479.854675 0.960302
4480.054669 0.951365
4480.254662 0.941217
4480.454656 0.954990
4480.654649 0.940777
4480.854643 0.977399
4481.054636 0.973187
4481.254630 0.992352
4481.454623 0.995192
4481.654617 1.001569
4481.854610 0.951738
4482.054604 1.000266
4482.254597 1.031430
4482.454591 0.987861
4482.654584 1.003794
4482.854578 1.020573
4483.054571 1.008826
4483.254565 1.021483
4483.454558 1.010184
4483.654552 1.033219
4483.854546 1.034512
4484.054539 0.992541
4484.254533 0.988833
4484.454526 0.995176
4484.654520 1.021023
4484.854513 0.997584
4485.054507 0.998591
4485.254500 0.986201
4485.454494 1.005860
4485.654487 1.022331
4485.854481 1.032777
4486.054474 0.966967
4486.254468 1.026842
4486.454461 0.956044
4486.654455 1.008098
4486.854448 1.042647
4487.054442 1.005276
4487.254435 0.964769
4487.454429 0.975270
4487.654422 0.995865
4487.854416 0.960228
4488.054409 0.993248
4488.254403 0.982623
4488.454396 1.042938
4488.654390 1.007077
4488.854383 1.016747
4489.054377 1.039907
4489.254370 0.986574
4489.454364 1.046066
4489.654357 1.023834
4489.854351 1.002126
4490.054344 0.996693
4490.254338 1.027784
4490.454331 1.086016
4490.654325 0.974904
4490.854318 1.012121
4491.054312 0.987574
4491.254305 0.979213
4491.454299 1.027692
4491.654292 1.069123
4491.854286 0.958352
4492.054280 0.964796
4492.254273 1.029656
4492.454267 1.041200
4492.654260 1.017360
4492.854254 0.991139
4493.054247 1.041639
4493.254241 0.923037
4493.454234 1.015950
4493.654228 1.059408
4493.854221 1.006887
4494.054215 1.055783
4494.254208 1.017296
4494.454202 1.052058
4494.654195 0.972588
4494.854189 1.039940
4495.054182 1.015431
4495.254176 0.985575
4495.454169 1.023083
4495.654163 0.980227
4495.854156 0.992675
4496.054150 0.990196
4496.254143 1.053836
4496.454137 1.014214
4496.654130 0.991585
4496.854124 1.028877
4497.054117 0.991035
4497.254111 0.977971
4497.454104 1.037726
4497.654098 0.990158
4497.854091 0.998091
4498.054085 0.969632
4498.254078 1.035350
4498.454072 0.976302
4498.654065 0.985864
4498.854059 0.977371
4499.054052 0.985214
4499.254046 1.006826
4499.454039 1.017342
4499.654033 1.004463
4499.854026 0.966414
4500.054020 1.004259
4500.254014 1.050035
4500.454007 0.987659
4500.654001 1.060359
4500.853994 1.017121
4501.053988 1.026840
4501.253981 0.992926
4501.453975 1.059526
4501.653968 0.999412
4501.853962 1.044611
4502.053955 1.010468
4502.253949 1.009866
4502.453942 0.997496
4502.653936 1.022666
4502.853929 0.986329
4503.053923 1.022230
4503.253916 0.975474
4503.453910 1.002128
4503.653903 1.050615
4503.853897 0.956925
4504.053890 0.993510
4504.253884 1.002054
4504.453877 1.005374
4504.653871 1.015281
4504.853864 0.965314
4505.053858 1.021999
4505.253851 0.985114
4505.453845 1.014664
4505.653838 0.997710
4505.853832 1.011266
4506.053825 0.993596
4506.253819 0.999597
4506.453812 0.999039
4506.653806 1.006983
4506.853799 0.990429
4507.053793 1.007830
4507.253786 1.013955
4507.453780 1.030316
4507.653773 1.030274
4507.853767 1.046936
4508.053760 0.992275
4508.253754 1.005623
4508.453748 1.024793
4508.653741 0.947986
4508.853735 1.038697
4509.053728 1.007342
4509.253722 1.007668
4509.453715 1.006253
4509.653709 1.018721
4509.853702 1.001746
4510.053696 1.025045
4510.253689 0.960307
4510.453683 0.978971
4510.653676 0.984543
4510.853670 1.055735
4511.053663 1.000403
4511.253657 1.031527
4511.453650 1.039479
4511.653644 0.994166
4511.853637 0.934776
4512.053631 1.028619
4512.253624 1.017833
4512.453618 1.026784
4512.653611 1.043362
4512.853605 0.997720
4513.053598 0.987241
4513.253592 1.035978
4513.453585 0.987751
4513.653579 0.985435
4513.853572 1.027576
4514.053566 1.040939
4514.253559 1.014230
4514.453553 0.956842
4514.653546 1.020306
4514.853540 1.010078
4515.053533 1.023639
4515.253527 0.967889
4515.453520 1.001223
4515.653514 1.016883
4515.853507 1.025807
4516.053501 1.026159
4516.253494 1.052997
4516.453488 1.048063
4516.653482 1.036846
4516.853475 0.979418
4517.053469 1.019948
4517.253462 0.976465
4517.453456 0.968183
4517.653449 1.029935
4517.853443 0.976030
4518.053436 1.030471
4518.253430 0.970619
4518.453423 1.004572
4518.653417 0.958052
4518.853410 0.988977
4519.053404 1.049314
4519.253397 1.037152
4519.453391 1.047723
4519.653384 0.958818
4519.853378 0.985011
4520.053371 1.012192
4520.253365 1.004502
4520.453358 1.010801
4520.653352 0.990779
4520.853345 0.980971
4521.053339 1.001580
4521.253332 1.030227
4521.453326 1.004378
4521.653319 0.983031
4521.853313 1.031644
4522.053306 1.060127
4522.253300 0.955723
4522.453293 0.994578
4522.653287 1.021245
4522.853280 0.992757
4523.053274 0.998661
4523.253267 1.005896
4523.453261 1.042661
4523.653254 1.003193
4523.853248 0.950459
4524.053241 1.006258
4524.253235 1.041869
4524.453228 0.962938
4524.653222 1.037296
4524.853216 1.000523
4525.053209 1.036336
4525.253203 0.995451
4525.453196 0.976609
4525.653190 0.978637
4525.853183 0.998695
4526.053177 1.029836
4526.253170 0.963079
4526.453164 1.047615
4526.653157 0.991194
4526.853151 0.997411
4527.053144 0.978582
4527.253138 1.025302
4527.453131 1.004764
4527.653125 0.945012
4527.853118 0.991563
4528.053112 1.010485
4528.253105 1.044831
4528.453099 0.962809
4528.653092 0.993393
4528.853086 1.033201
4529.053079 1.016812
4529.253073 0.954109
4529.453066 1.024202
4529.653060 1.001122
4529.853053 1.040515
4530.053047 0.992701
4530.253040 1.000923
4530.453034 1.008478
4530.653027 0.998487
4530.853021 1.066855
4531.053014 0.994014
4531.253008 1.020643
4531.453001 0.958194
4531.652995 1.025978
4531.852988 1.032286
4532.052982 1.022000
4532.252975 1.002676
4532.452969 0.993211
4532.652962 1.001291
4532.852956 1.027216
4533.052950 0.990550
4533.252943 1.026902
4533.452937 0.999117
4533.652930 0.973003
4533.852924 1.081997
4534.052917 0.967853
4534.252911 0.948910
4534.452904 1.002735
4534.652898 1.019265
4534.852891 1.012218
4535.052885 1.010249
4535.252878 0.976307
4535.452872 1.001333
4535.652865 1.037420
4535.852859 1.010804
4536.052852 0.995995
4536.252846 1.020897
4536.452839 0.923602
4536.652833 1.030053
4536.852826 1.046171
4537.052820 1.039199
4537.252813 1.012338
4537.452807 0.984995
4537.652800 1.040459
4537.852794 0.984371
4538.052787 1.004779
4538.252781 1.011899
4538.452774 0.997157
4538.652768 0.954304
4538.852761 1.013620
4539.052755 0.964670
4539.252748 1.025565
4539.452742 1.039145
4539.652735 1.009083
4539.852729 1.059097
4540.052722 1.011121
4540.252716 0.967205
4540.452709 0.965080
4540.652703 0.999535
4540.852697 0.988709
4541.052690 0.999137
4541.252684 0.990233
4541.452677 1.032245
4541.652671 0.996290
4541.852664 0.991511
4542.052658 1.014191
4542.252651 1.006294
4542.452645 0.977445
4542.652638 1.019153
4542.852632 1.068979
4543.052625 1.058787
4543.252619 1.068426
4543.452612 1.015026
4543.652606 0.986949
4543.852599 0.986046
4544.052593 0.970502
4544.252586 1.012656
4544.452580 0.978693
4544.652573 1.039326
4544.852567 1.003848
4545.052560 1.042444
4545.252554 0.994996
4545.452547 0.968286
4545.652541 1.026514
4545.852534 1.002686
4546.052528 0.989244
4546.252521 1.002955
4546.452515 0.996154
4546.652508 1.024546
4546.852502 1.031725
4547.052495 0.999927
4547.252489 1.035046
4547.452482 0.978660
4547.652476 0.985398
4547.852469 1.043833
4548.052463 0.997336
4548.252456 1.026939
4548.452450 0.969802
4548.652443 1.028676
4548.852437 0.992482
4549.052431 0.969203
4549.252424 0.960054
4549.452418 0.988667
4549.652411 0.953113
4549.852405 1.025034
4550.052398 0.969614
4550.252392 1.010518
4550.452385 1.018673
4550.652379 0.998483
4550.852372 1.043726
4551.052366 0.943410
4551.252359 0.983845
4551.452353 0.991566
4551.652346 1.001321
4551.852340 1.013341
4552.052333 0.938935
4552.252327 0.985497
4552.452320 0.986847
4552.652314 0.912933
4552.852307 1.006566
4553.052301 1.031853
4553.252294 1.018408
4553.452288 0.986454
4553.652281 1.051719
4553.852275 0.961711
4554.052268 1.055481
4554.252262 0.981261
4554.452255 0.932930
4554.652249 0.948864
4554.852242 1.038716
4555.052236 0.942740
4555.252229 1.061699
4555.452223 0.958800
4555.652216 0.972015
4555.852210 0.960839
4556.052203 1.086122
4556.252197 1.046384
4556.452190 1.010124
4556.652184 1.017909
4556.852177 0.969249
4557.052171 0.938213
4557.252165 0.898014
4557.452158 0.862032
4557.652152 0.948906
4557.852145 0.922573
4558.052139 1.023328
4558.252132 0.960304
4558.452126 0.935778
4558.652119 0.983704
4558.852113 0.965721
4559.052106 0.994500
4559.252100 0.996105
4559.452093 0.978897
4559.652087 1.018469
4559.852080 0.969171
4560.052074 0.970365
4560.252067 1.054562
4560.452061 0.996699
4560.652054 0.970135
4560.852048 1.026543
4561.052041 1.019431
4561.252035 0.997341
4561.452028 0.966860
4561.652022 0.985032
4561.852015 1.001591
4562.052009 0.994892
4562.252002 1.014595
4562.451996 1.000755
4562.651989 1.049291
4562.851983 0.954044
4563.051976 0.989972
4563.251970 0.896958
4563.451963 1.048443
4563.651957 0.909820
4563.851950 0.991155
4564.051944 0.997255
4564.251937 1.013674
4564.451931 1.000085
4564.651924 -0.253629
4564.851918 -0.277508
4565.051911 -0.241304
4565.251905 -0.268329
4565.451899 -0.268841
4565.651892 -0.250837
4565.851886 -0.239086
4566.051879 -0.235531
4566.251873 -0.233961
4566.451866 -0.226924
4566.651860 -0.222658
4566.851853 -0.000011
4567.051847 0.000003
4567.251840 -0.000001
4567.451834 0.000000
4567.651827 -0.000000
4567.851821 0.000000
4568.051814 -0.000000
4568.251808 0.000000
4568.451801 -0.000000
4568.651795 0.000000
4568.851788 -0.000000
4569.051782 0.000000
4569.251775 -0.000000
4569.451769 0.000000
4569.651762 -0.000000
4569.851756 0.000000
4570.051749 -0.000000
4570.251743 0.000000
4570.451736 -0.000000
4570.651730 0.000000
4570.851723 -0.000000
