3959.859642 1.078964
3960.059635 0.956236
3960.259628 0.999658
3960.459621 0.986609
3960.659614 0.955445
3960.859607 0.967351
3961.059600 0.964363
3961.259593 1.077471
3961.459586 1.016882
3961.659578 0.984399
3961.859571 0.976868
3962.059564 0.956441
3962.259557 0.970973
3962.459550 0.936305
3962.659543 0.945398
3962.859536 0.907882
3963.059529 0.939459
3963.259522 0.994640
3963.459515 0.943101
3963.659508 0.942607
3963.859500 0.933030
3964.059493 0.857818
3964.259486 0.866179
3964.459479 0.846533
3964.659472 0.875613
3964.859465 0.856576
3965.059458 0.992326
3965.259451 0.854193
3965.459444 0.953429
3965.659437 0.959371
3965.859430 0.819666
3966.059422 0.847791
3966.259415 0.803420
3966.459408 0.918500
3966.659401 0.913942
3966.859394 0.855058
3967.059387 0.861852
3967.259380 0.837673
3967.459373 0.787226
3967.659366 0.783984
3967.859359 0.773506
3968.059352 0.718376
3968.259344 0.636776
3968.459337 0.682746
3968.659330 0.666710
3968.859323 0.777985
3969.059316 0.724851
3969.259309 0.641271
3969.459302 0.725604
3969.659295 0.722076
3969.859288 0.688850
3970.059281 0.728766
3970.259274 0.716014
3970.459267 0.682442
3970.659259 0.680121
3970.859252 0.696180
3971.059245 0.710320
3971.259238 0.715738
3971.459231 0.731298
3971.659224 0.678874
3971.859217 0.811538
3972.059210 0.794358
3972.259203 0.671908
3972.459196 0.722751
3972.659189 0.858341
3972.859181 0.801898
3973.059174 0.778985
3973.259167 0.810712
3973.459160 0.791327
3973.659153 0.780849
3973.859146 0.706158
3974.059139 0.687757
3974.259132 0.797565
3974.459125 0.784191
3974.659118 0.770664
3974.859111 0.740391
3975.059103 0.759902
3975.259096 0.776766
3975.459089 0.827957
3975.659082 0.792549
3975.859075 0.758379
3976.059068 0.869429
3976.259061 0.850715
3976.459054 0.823617
3976.659047 0.837236
3976.859040 0.905660
3977.059033 0.882993
3977.259025 0.861771
3977.459018 0.879065
3977.659011 0.852789
3977.859004 0.850809
3978.058997 0.792423
3978.258990 0.905798
3978.458983 0.886384
3978.658976 0.880386
3978.858969 0.937330
3979.058962 0.990042
3979.258955 0.916245
3979.458948 0.944129
3979.658940 0.976250
3979.858933 0.983875
3980.058926 0.909936
3980.258919 0.971808
3980.458912 1.188006
3980.658905 0.927227
3980.858898 0.983815
3981.058891 0.986335
3981.258884 0.940322
3981.458877 1.011637
3981.658870 0.983670
3981.858862 1.098215
3982.058855 0.964108
3982.258848 1.022587
3982.458841 0.964296
3982.658834 1.015049
3982.858827 0.939313
3983.058820 1.001316
3983.258813 0.972820
3983.458806 1.021224
3983.658799 0.961157
3983.858792 1.034906
3984.058784 0.932474
3984.258777 1.040990
3984.458770 0.993741
3984.658763 0.966958
3984.858756 1.022006
3985.058749 1.100052
3985.258742 1.030828
3985.458735 0.987338
3985.658728 0.942764
3985.858721 1.014976
3986.058714 1.010010
3986.258706 0.979580
3986.458699 1.015991
3986.658692 1.060142
3986.858685 1.061471
3987.058678 1.006086
3987.258671 1.021226
3987.458664 0.977446
3987.658657 0.959230
3987.858650 0.937179
3988.058643 0.943621
3988.258636 1.000598
3988.458629 0.960739
3988.658621 1.010755
3988.858614 1.059921
3989.058607 0.963531
3989.258600 0.957377
3989.458593 1.069308
3989.658586 1.006759
3989.858579 1.024638
3990.058572 1.077744
3990.258565 0.999716
3990.458558 1.023791
3990.658551 1.037590
3990.858543 1.118472
3991.058536 1.021908
3991.258529 1.043192
3991.458522 1.095446
3991.658515 1.078420
3991.858508 0.976878
3992.058501 1.024016
3992.258494 1.033384
3992.458487 0.977813
3992.658480 1.021811
3992.858473 1.035326
3993.058465 1.040069
3993.258458 0.941907
3993.458451 1.045870
3993.658444 1.129620
3993.858437 1.003370
3994.058430 1.103114
3994.258423 1.068990
3994.458416 1.065928
3994.658409 1.061388
3994.858402 1.068908
3995.058395 1.025772
3995.258388 1.074707
3995.458380 1.006493
3995.658373 1.013465
3995.858366 1.007755
3996.058359 1.043414
3996.258352 1.044169
3996.458345 1.002932
3996.658338 1.060237
3996.858331 0.998923
3997.058324 1.060911
3997.258317 1.045876
3997.458310 0.997092
3997.658302 1.053655
3997.858295 1.032145
3998.058288 0.993469
3998.258281 1.047444
3998.458274 1.051974
3998.658267 1.109087
3998.858260 1.074316
3999.058253 0.981493
3999.258246 1.038913
3999.458239 0.958838
3999.658232 1.032214
3999.858224 1.012438
4000.058217 1.006000
4000.258210 0.985536
4000.458203 1.005055
4000.658196 1.048494
4000.858189 0.951981
4001.058182 0.973905
4001.258175 1.066836
4001.458168 1.018966
4001.658161 1.032412
4001.858154 1.056044
4002.058146 1.074837
4002.258139 1.066824
4002.458132 1.080864
4002.658125 1.023795
4002.858118 1.036661
4003.058111 1.046070
4003.258104 1.068291
4003.458097 0.970552
4003.658090 1.025687
4003.858083 1.067636
4004.058076 1.054342
4004.258069 0.969047
4004.458061 1.031872
4004.658054 1.084927
4004.858047 1.049423
4005.058040 1.044789
4005.258033 1.018159
4005.458026 1.019534
4005.658019 1.072899
4005.858012 1.072014
4006.058005 1.036193
4006.257998 1.122073
4006.457991 0.997153
4006.657983 0.991973
4006.857976 0.978996
4007.057969 1.010536
4007.257962 0.989341
4007.457955 0.996116
4007.657948 1.001509
4007.857941 1.057555
4008.057934 0.940695
4008.257927 0.953484
4008.457920 1.000609
4008.657913 0.957059
4008.857905 0.943163
4009.057898 0.954419
4009.257891 1.011142
4009.457884 0.990697
4009.657877 0.974643
4009.857870 1.002400
4010.057863 0.941053
4010.257856 0.977382
4010.457849 1.039676
4010.657842 1.080688
4010.857835 1.014953
4011.057827 0.978309
4011.257820 0.962398
4011.457813 0.962214
4011.657806 0.978651
4011.857799 0.945450
4012.057792 0.936704
4012.257785 1.010332
4012.457778 0.960905
4012.657771 0.975913
4012.857764 1.060984
4013.057757 0.965104
4013.257750 0.971732
4013.457742 1.053062
4013.657735 0.910307
4013.857728 1.015628
4014.057721 0.997545
4014.257714 1.018188
4014.457707 1.027712
4014.657700 0.999255
4014.857693 1.047597
4015.057686 1.063924
4015.257679 1.045941
4015.457672 1.038001
4015.657664 0.942728
4015.857657 0.990857
4016.057650 1.041529
4016.257643 1.050514
4016.457636 0.980035
4016.657629 1.041388
4016.857622 1.024242
4017.057615 1.017296
4017.257608 1.043098
4017.457601 0.948806
4017.657594 1.057876
4017.857586 1.122086
4018.057579 1.010242
4018.257572 0.977481
4018.457565 1.080924
4018.657558 1.030517
4018.857551 1.023338
4019.057544 1.019725
4019.257537 1.031939
4019.457530 1.044080
4019.657523 1.030195
4019.857516 0.993031
4020.057508 1.059023
4020.257501 1.032059
4020.457494 1.020069
4020.657487 0.963023
4020.857480 0.971257
4021.057473 0.958902
4021.257466 1.041906
4021.457459 1.061036
4021.657452 1.045463
4021.857445 1.153375
4022.057438 0.988469
4022.257431 0.993514
4022.457423 0.971349
4022.657416 0.992859
4022.857409 0.948678
4023.057402 0.889443
4023.257395 0.843355
4023.457388 0.873268
4023.657381 0.889243
4023.857374 0.925854
4024.057367 0.847209
4024.257360 0.918353
4024.457353 0.954476
4024.657345 0.833840
4024.857338 0.841987
4025.057331 0.930986
4025.257324 0.923161
4025.457317 0.931442
4025.657310 0.879750
4025.857303 0.903808
4026.057296 0.921827
4026.257289 0.874791
4026.457282 0.970033
4026.657275 0.935874
4026.857267 0.856168
4027.057260 1.018791
4027.257253 0.925596
4027.457246 0.927392
4027.657239 0.984733
4027.857232 0.937672
4028.057225 0.950227
4028.257218 0.956802
4028.457211 0.899657
4028.657204 0.890614
4028.857197 0.843062
4029.057189 0.951635
4029.257182 0.921170
4029.457175 0.915937
4029.657168 0.869677
4029.857161 0.870588
4030.057154 0.900749
4030.257147 0.943876
4030.457140 0.833154
4030.657133 0.871924
4030.857126 0.956191
4031.057119 0.977652
4031.257112 0.896902
4031.457104 0.931073
4031.657097 0.971717
4031.857090 0.941587
4032.057083 1.002717
4032.257076 0.951789
4032.457069 0.947640
4032.657062 0.913230
4032.857055 0.998875
4033.057048 0.962754
4033.257041 0.977127
4033.457034 0.992736
4033.657026 1.023750
4033.857019 1.029787
4034.057012 1.092265
4034.257005 1.063015
4034.456998 0.986441
4034.656991 0.991231
4034.856984 0.980350
4035.056977 1.073755
4035.256970 0.974089
4035.456963 1.026327
4035.656956 1.066926
4035.856948 0.975158
4036.056941 0.949124
4036.256934 1.005091
4036.456927 1.012660
4036.656920 1.022374
4036.856913 0.977964
4037.056906 1.000221
4037.256899 1.011234
4037.456892 1.054070
4037.656885 1.018183
4037.856878 0.978889
4038.056871 1.023765
4038.256863 1.029583
4038.456856 1.082199
4038.656849 0.997995
4038.856842 1.047035
4039.056835 1.055107
4039.256828 0.900314
4039.456821 1.006594
4039.656814 0.972879
4039.856807 1.028139
4040.056800 1.059537
4040.256793 0.993254
4040.456785 1.029113
4040.656778 1.019496
4040.856771 1.041280
4041.056764 1.086833
4041.256757 1.094799
4041.456750 1.059844
4041.656743 1.010431
4041.856736 1.030978
4042.056729 1.037119
4042.256722 0.973720
4042.456715 1.011523
4042.656707 1.066136
4042.856700 1.025324
4043.056693 0.988052
4043.256686 1.094395
4043.456679 1.044546
4043.656672 1.061490
4043.856665 0.958864
4044.056658 1.003676
4044.256651 1.037032
4044.456644 0.966640
4044.656637 1.022346
4044.856629 1.011460
4045.056622 0.979379
4045.256615 1.100512
4045.456608 1.017947
4045.656601 0.994988
4045.856594 1.066188
4046.056587 1.026645
4046.256580 0.997597
4046.456573 1.016802
4046.656566 0.899967
4046.856559 1.032502
4047.056552 1.052367
4047.256544 0.996321
4047.456537 0.988122
4047.656530 1.019303
4047.856523 1.002180
4048.056516 0.981826
4048.256509 1.016890
4048.456502 1.022421
4048.656495 0.955378
4048.856488 1.017442
4049.056481 0.999589
4049.256474 1.087781
4049.456466 1.058910
4049.656459 1.011686
4049.856452 1.040616
4050.056445 0.990599
4050.256438 1.010336
4050.456431 0.971474
4050.656424 1.015376
4050.856417 1.039563
4051.056410 1.007615
4051.256403 1.057441
4051.456396 1.068510
4051.656388 0.998307
4051.856381 1.050837
4052.056374 0.976606
4052.256367 0.986228
4052.456360 0.994705
4052.656353 1.003846
4052.856346 1.084014
4053.056339 1.003810
4053.256332 1.000400
4053.456325 0.990963
4053.656318 1.021251
4053.856310 1.002625
4054.056303 0.969377
4054.256296 1.066322
4054.456289 0.996607
4054.656282 0.970234
4054.856275 0.960143
4055.056268 1.012155
4055.256261 0.958583
4055.456254 0.976673
4055.656247 1.021608
4055.856240 0.966666
4056.056233 1.016516
4056.256225 0.972220
4056.456218 1.072349
4056.656211 1.072819
4056.856204 0.965397
4057.056197 0.993806
4057.256190 1.016445
4057.456183 1.057336
4057.656176 0.964980
4057.856169 0.982273
4058.056162 1.063251
4058.256155 1.066574
4058.456147 1.073522
4058.656140 1.050009
4058.856133 1.053364
4059.056126 0.987548
4059.256119 0.948993
4059.456112 1.026147
4059.656105 1.043054
4059.856098 1.059893
4060.056091 1.053684
4060.256084 1.044233
4060.456077 1.122653
4060.656069 1.024485
4060.856062 1.058147
4061.056055 1.030874
4061.256048 1.057068
4061.456041 1.028709
4061.656034 1.019991
4061.856027 0.979850
4062.056020 1.019909
4062.256013 0.991821
4062.456006 0.931807
4062.655999 0.935072
4062.855991 1.020109
4063.055984 1.020131
4063.255977 0.973743
4063.455970 0.972544
4063.655963 1.021330
4063.855956 0.999516
4064.055949 0.999301
4064.255942 0.971396
4064.455935 1.026136
4064.655928 0.959002
4064.855921 1.015737
4065.055914 1.000218
4065.255906 1.023619
4065.455899 0.960444
4065.655892 0.987235
4065.855885 0.984118
4066.055878 1.028505
4066.255871 0.955205
4066.455864 1.038676
4066.655857 1.048494
4066.855850 0.991552
4067.055843 1.016809
4067.255836 1.027853
4067.455828 1.019293
4067.655821 0.925952
4067.855814 0.978852
4068.055807 1.013890
4068.255800 0.951522
4068.455793 0.934394
4068.655786 1.036776
4068.855779 1.042834
4069.055772 1.045038
4069.255765 1.027987
4069.455758 0.992413
4069.655750 1.012206
4069.855743 1.030727
4070.055736 0.961691
4070.255729 0.990720
4070.455722 0.964213
4070.655715 0.987939
4070.855708 0.974535
4071.055701 0.957770
4071.255694 0.950008
4071.455687 0.969862
4071.655680 0.982357
4071.855672 1.042658
4072.055665 1.043014
4072.255658 0.994327
4072.455651 1.016729
4072.655644 0.975321
4072.855637 0.980940
4073.055630 0.933061
4073.255623 1.006958
4073.455616 0.963816
4073.655609 1.039347
4073.855602 0.910835
4074.055595 0.973087
4074.255587 1.004815
4074.455580 0.946696
4074.655573 0.974807
4074.855566 1.024322
4075.055559 1.011933
4075.255552 1.012211
4075.455545 0.997281
4075.655538 1.026934
4075.855531 0.990656
4076.055524 0.962738
4076.255517 0.939021
4076.455509 1.009083
4076.655502 0.986597
4076.855495 0.976005
4077.055488 1.028241
4077.255481 0.972605
4077.455474 1.058243
4077.655467 0.991816
4077.855460 0.993864
4078.055453 1.025489
4078.255446 1.006733
4078.455439 1.014726
4078.655431 1.021720
4078.855424 0.941476
4079.055417 0.935907
4079.255410 1.016944
4079.455403 0.995616
4079.655396 0.928573
4079.855389 0.914480
4080.055382 1.022127
4080.255375 0.929230
4080.455368 0.964487
4080.655361 1.063329
4080.855354 0.998115
4081.055346 1.047723
4081.255339 1.075496
4081.455332 0.999641
4081.655325 1.001498
4081.855318 0.967078
4082.055311 0.943290
4082.255304 0.962995
4082.455297 1.006165
4082.655290 1.023180
4082.855283 0.968429
4083.055276 0.986445
4083.255268 1.074399
4083.455261 0.983903
4083.655254 0.959826
4083.855247 0.973583
4084.055240 0.940296
4084.255233 0.975326
4084.455226 0.954087
4084.655219 0.940003
4084.855212 0.952470
4085.055205 0.981625
4085.255198 0.950926
4085.455190 1.023522
4085.655183 1.024026
4085.855176 1.019101
4086.055169 0.964282
4086.255162 1.012794
4086.455155 1.002018
4086.655148 0.989176
4086.855141 1.064714
4087.055134 1.002896
4087.255127 1.017163
4087.455120 0.960904
4087.655112 0.916690
4087.855105 0.960302
4088.055098 0.923577
4088.255091 0.920984
4088.455084 0.967646
4088.655077 1.014086
4088.855070 1.009290
4089.055063 0.958637
4089.255056 0.973526
4089.455049 0.999936
4089.655042 0.935144
4089.855035 0.985982
4090.055027 1.033597
4090.255020 0.939833
4090.455013 0.932812
4090.655006 0.938383
4090.854999 1.004380
4091.054992 0.978168
4091.254985 1.015549
4091.454978 1.013994
4091.654971 1.002812
4091.854964 0.912614
4092.054957 0.948636
4092.254949 0.966468
4092.454942 0.929803
4092.654935 0.910829
4092.854928 0.880772
4093.054921 0.932924
4093.254914 0.924826
4093.454907 0.940109
4093.654900 0.939206
4093.854893 0.920139
4094.054886 0.942992
4094.254879 0.906246
4094.454871 0.878734
4094.654864 0.887370
4094.854857 0.877391
4095.054850 0.906928
4095.254843 0.848854
4095.454836 0.920449
4095.654829 0.854773
4095.854822 0.915636
4096.054815 0.915566
4096.254808 0.852100
4096.454801 0.880948
4096.654793 0.916571
4096.854786 0.891257
4097.054779 0.848130
4097.254772 0.870183
4097.454765 0.865196
4097.654758 0.889801
4097.854751 0.844111
4098.054744 0.871850
4098.254737 0.904482
4098.454730 0.863944
4098.654723 0.800457
4098.854716 0.783528
4099.054708 0.812915
4099.254701 0.803564
4099.454694 0.724535
4099.654687 0.747928
4099.854680 0.765438
4100.054673 0.756934
4100.254666 0.734086
4100.454659 0.743557
4100.654652 0.731665
4100.854645 0.736921
4101.054638 0.734526
4101.254630 0.717434
4101.454623 0.704502
4101.654616 0.692118
4101.854609 0.707534
4102.054602 0.746040
4102.254595 0.711658
4102.454588 0.722660
4102.654581 0.746928
4102.854574 0.723075
4103.054567 0.693755
4103.254560 0.728703
4103.454552 0.678663
4103.654545 0.735632
4103.854538 0.731543
4104.054531 0.759308
4104.254524 0.788617
4104.454517 0.754604
4104.654510 0.756869
4104.854503 0.776066
4105.054496 0.767126
4105.254489 0.741991
4105.454482 0.710919
4105.654474 0.718304
4105.854467 0.700970
4106.054460 0.726949
4106.254453 0.756298
4106.454446 0.778006
4106.654439 0.753760
4106.854432 0.746117
4107.054425 0.763315
4107.254418 0.797510
4107.454411 0.816992
4107.654404 0.828218
4107.854397 0.808254
4108.054389 0.806246
4108.254382 0.790345
4108.454375 0.814811
4108.654368 0.772642
4108.854361 0.753858
4109.054354 0.867537
4109.254347 0.850927
4109.454340 0.848392
4109.654333 0.851272
4109.854326 0.893912
4110.054319 0.896762
4110.254311 0.861497
4110.454304 0.931780
4110.654297 0.902564
4110.854290 0.855844
4111.054283 0.930378
4111.254276 0.840421
4111.454269 0.855970
4111.654262 0.896969
4111.854255 0.895767
4112.054248 0.919927
4112.254241 0.925846
4112.454233 0.946245
4112.654226 0.907361
4112.854219 0.986951
4113.054212 0.928929
4113.254205 0.959498
4113.454198 0.995081
4113.654191 0.952386
4113.854184 0.898298
4114.054177 0.941776
4114.254170 0.860862
4114.454163 0.945024
4114.654156 0.887029
4114.854148 0.955523
4115.054141 0.936908
4115.254134 0.973943
4115.454127 0.931518
4115.654120 0.933117
4115.854113 1.009998
4116.054106 0.975037
4116.254099 0.955222
4116.454092 0.961356
4116.654085 0.999687
4116.854078 1.008433
4117.054070 1.004032
4117.254063 0.949793
4117.454056 0.963611
4117.654049 0.999786
4117.854042 0.950417
4118.054035 0.919680
4118.254028 0.958672
4118.454021 0.926477
4118.654014 0.957491
4118.854007 0.973099
4119.054000 0.906411
4119.253992 0.928434
4119.453985 0.937498
4119.653978 0.946655
4119.853971 0.930232
4120.053964 0.929975
4120.253957 0.920657
4120.453950 0.899616
4120.653943 0.950041
4120.853936 0.963630
4121.053929 0.946349
4121.253922 0.998384
4121.453914 0.980967
4121.653907 0.965359
4121.853900 0.968920
4122.053893 0.972992
4122.253886 0.977104
4122.453879 0.995853
4122.653872 1.009486
4122.853865 0.991032
4123.053858 0.936904
4123.253851 0.977036
4123.453844 0.977081
4123.653837 0.871188
4123.853829 0.953548
4124.053822 0.955813
4124.253815 0.954463
4124.453808 0.957507
4124.653801 0.986635
4124.853794 1.036485
4125.053787 0.959722
4125.253780 0.977725
4125.453773 0.968093
4125.653766 1.025323
4125.853759 0.956414
4126.053751 1.009247
4126.253744 1.002142
4126.453737 0.960478
4126.653730 0.936914
4126.853723 1.046639
4127.053716 1.038661
4127.253709 0.973317
4127.453702 0.995209
4127.653695 0.977414
4127.853688 1.038646
4128.053681 0.997002
4128.253673 0.997534
4128.453666 0.988051
4128.653659 0.980334
4128.853652 0.994140
4129.053645 0.965226
4129.253638 1.022686
4129.453631 0.948059
4129.653624 0.957683
4129.853617 0.978789
4130.053610 1.022098
4130.253603 1.000748
4130.453595 1.037062
4130.653588 0.922335
4130.853581 0.976252
4131.053574 1.011652
4131.253567 1.011913
4131.453560 0.998245
4131.653553 1.007698
4131.853546 1.027258
4132.053539 1.027924
4132.253532 0.951446
4132.453525 0.986199
4132.653518 1.031616
4132.853510 1.019551
4133.053503 0.996940
4133.253496 0.974640
4133.453489 0.919309
4133.653482 0.990559
4133.853475 1.008403
4134.053468 1.017039
4134.253461 0.953674
4134.453454 0.977211
4134.653447 0.992625
4134.853440 1.047041
4135.053432 0.971203
4135.253425 1.022384
4135.453418 0.965227
4135.653411 0.996721
4135.853404 1.010406
4136.053397 0.975721
4136.253390 0.953195
4136.453383 0.962316
4136.653376 0.990390
4136.853369 0.985343
4137.053362 1.041843
4137.253354 1.044236
4137.453347 0.986742
4137.653340 0.966534
4137.853333 0.982066
4138.053326 0.969061
4138.253319 0.973855
4138.453312 1.019574
4138.653305 1.028360
4138.853298 1.043885
4139.053291 0.999324
4139.253284 1.009251
4139.453276 0.962210
4139.653269 1.008362
4139.853262 1.052370
4140.053255 1.002385
4140.253248 0.939769
4140.453241 0.954278
4140.653234 1.004554
4140.853227 1.013864
4141.053220 1.002625
4141.253213 0.931617
4141.453206 0.917123
4141.653199 0.993506
4141.853191 0.912815
4142.053184 0.884365
4142.253177 0.875036
4142.453170 0.856272
4142.653163 0.953389
4142.853156 0.902071
4143.053149 0.891141
4143.253142 0.920894
4143.453135 0.969308
4143.653128 0.948137
4143.853121 0.985115
4144.053113 1.047011
4144.253106 0.962600
4144.453099 0.979814
4144.653092 0.991683
4144.853085 0.949152
4145.053078 0.970599
4145.253071 0.958599
4145.453064 0.938686
4145.653057 1.004985
4145.853050 0.997589
4146.053043 0.930907
4146.253035 1.025833
4146.453028 0.977921
4146.653021 0.944102
4146.853014 1.025486
4147.053007 0.974532
4147.253000 0.940002
4147.452993 0.983179
4147.652986 0.985907
4147.852979 0.954196
4148.052972 0.911178
4148.252965 0.963331
4148.452957 0.983634
4148.652950 0.936469
4148.852943 0.963006
4149.052936 0.951560
4149.252929 0.917442
4149.452922 0.950354
4149.652915 0.989562
4149.852908 1.052453
4150.052901 1.013613
4150.252894 1.012472
4150.452887 0.974928
4150.652880 0.999174
4150.852872 1.030590
4151.052865 0.930222
4151.252858 0.990944
4151.452851 0.982946
4151.652844 0.957189
4151.852837 0.990750
4152.052830 0.991860
4152.252823 0.963233
4152.452816 1.002045
4152.652809 0.961921
4152.852802 1.014304
4153.052794 1.050517
4153.252787 1.038606
4153.452780 1.067214
4153.652773 0.966032
4153.852766 0.973954
4154.052759 1.023710
4154.252752 1.027377
4154.452745 1.024316
4154.652738 0.993329
4154.852731 0.990008
4155.052724 1.057389
4155.252716 1.014540
4155.452709 1.040691
4155.652702 1.014971
4155.852695 1.000401
4156.052688 1.045427
4156.252681 1.051448
4156.452674 1.008252
4156.652667 1.029184
4156.852660 0.993518
4157.052653 0.966815
4157.252646 0.935446
4157.452639 0.980096
4157.652631 0.981631
4157.852624 0.984592
4158.052617 0.983973
4158.252610 0.992728
4158.452603 1.033057
4158.652596 1.015682
4158.852589 1.035629
4159.052582 1.033193
4159.252575 1.048483
4159.452568 1.021415
4159.652561 1.025871
4159.852553 1.010235
4160.052546 0.990524
4160.252539 0.988327
4160.452532 1.035035
4160.652525 1.025391
4160.852518 1.007039
4161.052511 1.040130
4161.252504 1.096456
4161.452497 1.055738
4161.652490 0.963849
4161.852483 0.975410
4162.052475 1.023155
4162.252468 1.004638
4162.452461 0.969002
4162.652454 1.004677
4162.852447 0.992622
4163.052440 1.004714
4163.252433 0.985080
4163.452426 1.001487
4163.652419 1.029422
4163.852412 0.988630
4164.052405 1.001783
4164.252397 0.999312
4164.452390 1.046700
4164.652383 0.985871
4164.852376 1.082584
4165.052369 0.998061
4165.252362 1.052537
4165.452355 0.967802
4165.652348 0.992354
4165.852341 1.031146
4166.052334 0.972981
4166.252327 1.026043
4166.452320 0.994680
4166.652312 1.038714
4166.852305 0.998759
4167.052298 1.028358
4167.252291 1.021349
4167.452284 0.978613
4167.652277 1.009781
4167.852270 1.020302
4168.052263 1.050354
4168.252256 1.015409
4168.452249 0.991428
4168.652242 0.991550
4168.852234 0.995151
4169.052227 0.934585
4169.252220 0.990279
4169.452213 1.049752
4169.652206 1.003976
4169.852199 1.039384
4170.052192 0.996726
4170.252185 0.978765
4170.452178 1.023102
4170.652171 1.011593
4170.852164 0.973658
4171.052156 0.914639
4171.252149 1.039450
4171.452142 1.052639
4171.652135 1.059091
4171.852128 0.933619
4172.052121 1.032638
4172.252114 0.994638
4172.452107 1.045579
4172.652100 1.039414
4172.852093 0.993268
4173.052086 0.982214
4173.252078 1.013911
4173.452071 0.962291
4173.652064 0.972379
4173.852057 1.002879
4174.052050 1.021663
4174.252043 1.049009
4174.452036 1.028973
4174.652029 1.015308
4174.852022 1.035443
4175.052015 1.052043
4175.252008 1.023961
4175.452001 0.941009
4175.651993 1.052543
4175.851986 1.029961
4176.051979 0.991582
4176.251972 1.049096
4176.451965 0.946573
4176.651958 1.013297
4176.851951 0.960469
4177.051944 0.971095
4177.251937 1.000719
4177.451930 1.015566
4177.651923 1.025780
4177.851915 1.009180
4178.051908 1.027074
4178.251901 0.983721
4178.451894 1.025820
4178.651887 1.007793
4178.851880 1.004590
4179.051873 0.977690
4179.251866 0.957470
4179.451859 0.996808
4179.651852 1.027053
4179.851845 0.984940
4180.051837 1.015321
4180.251830 1.006531
4180.451823 1.065538
4180.651816 1.030324
4180.851809 1.042535
4181.051802 1.031377
4181.251795 1.075666
4181.451788 0.981629
4181.651781 1.022983
4181.851774 0.973363
4182.051767 1.011799
4182.251759 1.012894
4182.451752 1.005491
4182.651745 1.029592
4182.851738 0.958499
4183.051731 0.958025
4183.251724 1.010263
4183.451717 1.013297
4183.651710 1.001849
4183.851703 0.990766
4184.051696 1.018190
4184.251689 1.007026
4184.451682 1.059941
4184.651674 1.044362
4184.851667 1.027279
4185.051660 1.033257
4185.251653 0.977342
4185.451646 0.946195
4185.651639 0.974048
4185.851632 1.024303
4186.051625 1.065392
4186.251618 1.001977
4186.451611 1.030022
4186.651604 1.058465
4186.851596 0.964716
4187.051589 0.965851
4187.251582 0.967951
4187.451575 1.007580
4187.651568 1.000863
4187.851561 1.047461
4188.051554 1.000242
4188.251547 1.043096
4188.451540 1.028271
4188.651533 1.050413
4188.851526 0.943777
4189.051518 0.992242
4189.251511 0.950659
4189.451504 1.051735
4189.651497 1.032066
4189.851490 0.959089
4190.051483 1.014093
4190.251476 1.019938
4190.451469 1.022905
4190.651462 0.995144
4190.851455 1.026106
4191.051448 1.000191
4191.251440 0.967794
4191.451433 1.018733
4191.651426 1.029743
4191.851419 1.029927
4192.051412 1.029222
4192.251405 1.013991
4192.451398 1.017921
4192.651391 1.040376
4192.851384 0.913035
4193.051377 1.024494
4193.251370 0.973904
4193.451363 1.028166
4193.651355 1.012494
4193.851348 0.976526
4194.051341 0.980485
4194.251334 1.015034
4194.451327 1.022834
4194.651320 1.049874
4194.851313 1.050320
4195.051306 1.002809
4195.251299 1.023993
4195.451292 1.014590
4195.651285 1.003806
4195.851277 0.961243
4196.051270 1.001330
4196.251263 0.994631
4196.451256 1.008449
4196.651249 1.054489
4196.851242 0.988437
4197.051235 0.987876
4197.251228 1.025339
4197.451221 0.987805
4197.651214 1.008130
4197.851207 1.024337
4198.051199 1.040284
4198.251192 1.047621
4198.451185 0.978815
4198.651178 1.008190
4198.851171 1.015434
4199.051164 0.989215
4199.251157 1.023848
4199.451150 1.023739
4199.651143 1.025512
4199.851136 1.004893
4200.051129 1.024974
4200.251122 0.998314
4200.451114 1.017919
4200.651107 0.970461
4200.851100 1.000921
4201.051093 0.986650
4201.251086 0.992054
4201.451079 1.049083
4201.651072 1.067101
4201.851065 0.999089
4202.051058 0.952661
4202.251051 1.060497
4202.451044 1.047023
4202.651036 1.052118
4202.851029 0.998860
4203.051022 1.024216
4203.251015 0.999987
4203.451008 0.973444
4203.651001 1.023948
4203.850994 0.967079
4204.050987 0.995755
4204.250980 0.967735
4204.450973 1.025625
4204.650966 1.039578
4204.850958 0.957994
4205.050951 0.972244
4205.250944 1.041260
4205.450937 0.995187
4205.650930 1.086606
4205.850923 1.073030
4206.050916 1.016227
4206.250909 1.045603
4206.450902 1.038401
4206.650895 0.996992
4206.850888 1.099062
4207.050880 0.979766
4207.250873 1.020328
4207.450866 0.967198
4207.650859 1.026545
4207.850852 1.034215
4208.050845 1.046634
4208.250838 0.998007
4208.450831 0.995029
4208.650824 1.026521
4208.850817 0.984580
4209.050810 1.059830
4209.250803 1.013015
4209.450795 1.039064
4209.650788 1.003179
4209.850781 1.030403
4210.050774 1.009608
4210.250767 0.962970
4210.450760 0.999898
4210.650753 1.022362
4210.850746 0.948876
4211.050739 0.989384
4211.250732 1.053555
4211.450725 1.024642
4211.650717 0.986729
4211.850710 1.046224
4212.050703 0.985060
4212.250696 1.057478
4212.450689 1.024256
4212.650682 1.026693
4212.850675 1.076586
4213.050668 0.959256
4213.250661 0.997775
4213.450654 1.006314
4213.650647 1.045274
4213.850639 1.051458
4214.050632 1.047846
4214.250625 1.044705
4214.450618 1.029926
4214.650611 1.014076
4214.850604 1.030719
4215.050597 1.050525
4215.250590 1.032097
4215.450583 1.067517
4215.650576 0.964264
4215.850569 1.022783
4216.050561 1.016173
4216.250554 0.973145
4216.450547 1.070161
4216.650540 1.056264
4216.850533 1.028755
4217.050526 0.979868
4217.250519 1.034108
4217.450512 1.076962
4217.650505 1.018400
4217.850498 1.031995
4218.050491 1.054835
4218.250484 0.989828
4218.450476 0.984679
4218.650469 1.000412
4218.850462 0.983088
4219.050455 1.062680
4219.250448 1.013587
4219.450441 0.994084
4219.650434 0.950195
4219.850427 0.956582
4220.050420 0.995096
4220.250413 1.061113
4220.450406 1.023527
4220.650398 1.059434
4220.850391 1.017792
4221.050384 1.013303
4221.250377 0.983415
4221.450370 1.020122
4221.650363 1.010325
4221.850356 1.040008
4222.050349 0.979773
4222.250342 1.023740
4222.450335 1.038096
4222.650328 1.038540
4222.850320 1.014619
4223.050313 1.034346
4223.250306 1.021973
4223.450299 1.006427
4223.650292 1.065230
4223.850285 1.038768
4224.050278 0.977080
4224.250271 1.010076
4224.450264 0.989345
4224.650257 1.021334
4224.850250 0.949966
4225.050242 0.997067
4225.250235 1.055564
4225.450228 1.057538
4225.650221 1.065292
4225.850214 1.061228
4226.050207 1.007064
4226.250200 1.009549
4226.450193 1.034803
4226.650186 1.029694
4226.850179 0.981588
4227.050172 1.013063
4227.250165 1.010774
4227.450157 1.054671
4227.650150 0.974107
4227.850143 0.991546
4228.050136 1.046254
4228.250129 1.009349
4228.450122 1.016797
4228.650115 1.017733
4228.850108 1.036250
4229.050101 1.029080
4229.250094 1.089873
4229.450087 1.021355
4229.650079 1.025211
4229.850072 0.985903
4230.050065 1.036437
4230.250058 1.094762
4230.450051 1.057058
4230.650044 1.046793
4230.850037 1.001248
4231.050030 1.053858
4231.250023 0.998855
4231.450016 1.011628
4231.650009 1.048757
4231.850001 1.054835
4232.049994 0.950123
4232.249987 0.979836
4232.449980 1.002572
4232.649973 1.002072
4232.849966 1.001097
4233.049959 0.954570
4233.249952 0.943189
4233.449945 0.976726
4233.649938 1.061681
4233.849931 1.060813
4234.049924 1.051925
4234.249916 0.997011
4234.449909 1.020968
4234.649902 0.945407
4234.849895 0.963468
4235.049888 1.052244
4235.249881 1.035799
4235.449874 0.982074
4235.649867 1.036467
4235.849860 1.001195
4236.049853 0.964875
4236.249846 0.949334
4236.449838 0.990728
4236.649831 1.090612
4236.849824 0.985039
4237.049817 1.000837
4237.249810 1.025027
4237.449803 1.054712
4237.649796 1.052933
4237.849789 1.007989
4238.049782 0.998160
4238.249775 0.995209
4238.449768 0.940518
4238.649760 0.978877
4238.849753 1.014994
4239.049746 1.005870
4239.249739 1.051437
4239.449732 1.028352
4239.649725 1.001124
4239.849718 0.962223
4240.049711 1.012425
4240.249704 1.007233
4240.449697 1.040744
4240.649690 1.000981
4240.849682 1.050743
4241.049675 1.062485
4241.249668 1.001010
4241.449661 1.040471
4241.649654 1.036831
4241.849647 1.037631
4242.049640 0.993733
4242.249633 0.986358
4242.449626 1.018236
4242.649619 1.030817
4242.849612 1.033807
4243.049605 1.013958
4243.249597 1.010788
4243.449590 1.001102
4243.649583 1.022936
4243.849576 1.012235
4244.049569 1.046564
4244.249562 1.024876
4244.449555 1.031442
4244.649548 0.990261
4244.849541 1.070048
4245.049534 1.019508
4245.249527 0.956877
4245.449519 1.006896
4245.649512 1.053247
4245.849505 0.991829
4246.049498 1.004337
4246.249491 1.041713
4246.449484 0.994840
4246.649477 1.039492
4246.849470 1.025299
4247.049463 1.082487
4247.249456 0.945401
4247.449449 0.989612
4247.649441 1.049223
4247.849434 1.041336
4248.049427 1.010967
4248.249420 0.973711
4248.449413 1.030744
4248.649406 1.055960
4248.849399 1.071853
4249.049392 1.151985
4249.249385 0.962026
4249.449378 1.028241
4249.649371 0.957423
4249.849363 1.001390
4250.049356 0.988427
4250.249349 1.029535
4250.449342 0.966443
4250.649335 1.006435
4250.849328 0.999775
4251.049321 0.989790
4251.249314 0.985814
4251.449307 0.973275
4251.649300 0.994784
4251.849293 1.030870
4252.049286 1.009992
4252.249278 1.074193
4252.449271 0.996838
4252.649264 0.984020
4252.849257 0.980983
4253.049250 1.064398
4253.249243 1.043225
4253.449236 1.024609
4253.649229 1.004420
4253.849222 1.007780
4254.049215 1.014973
4254.249208 1.054270
4254.449200 0.990136
4254.649193 0.996256
4254.849186 1.014458
4255.049179 1.029293
4255.249172 0.993763
4255.449165 0.995138
4255.649158 1.019580
4255.849151 1.002137
4256.049144 0.989638
4256.249137 0.991660
4256.449130 1.027205
4256.649122 0.977827
4256.849115 1.001519
4257.049108 1.026945
4257.249101 1.060105
4257.449094 0.992205
4257.649087 1.024093
4257.849080 0.999420
4258.049073 0.971644
4258.249066 0.995547
4258.449059 0.977729
4258.649052 1.070352
4258.849044 0.995312
4259.049037 1.002771
4259.249030 1.047768
4259.449023 1.020645
4259.649016 0.995197
4259.849009 1.045158
4260.049002 1.000420
4260.248995 0.983504
4260.448988 0.993814
4260.648981 1.077252
4260.848974 1.024935
4261.048967 1.016793
4261.248959 0.988881
4261.448952 1.035990
4261.648945 0.976347
4261.848938 0.999705
4262.048931 0.997118
4262.248924 1.022874
4262.448917 0.984349
4262.648910 1.035976
4262.848903 1.060594
4263.048896 0.987057
4263.248889 1.010314
4263.448881 1.001256
4263.648874 1.003566
4263.848867 0.997055
4264.048860 0.981678
4264.248853 0.986761
4264.448846 0.998704
4264.648839 1.007211
4264.848832 0.996631
4265.048825 1.009597
4265.248818 1.043466
4265.448811 1.026627
4265.648803 1.079990
4265.848796 0.978180
4266.048789 1.042577
4266.248782 1.047846
4266.448775 0.962170
4266.648768 1.033989
4266.848761 1.019422
4267.048754 1.049794
4267.248747 1.024170
4267.448740 1.008279
4267.648733 1.074685
4267.848725 1.004318
4268.048718 1.039215
4268.248711 0.999476
4268.448704 1.035052
4268.648697 1.002584
4268.848690 0.985575
4269.048683 1.004481
4269.248676 1.020466
4269.448669 1.014449
4269.648662 0.950391
4269.848655 0.967888
4270.048648 1.000826
4270.248640 0.944426
4270.448633 0.937947
4270.648626 1.047943
4270.848619 1.054361
4271.048612 1.058706
4271.248605 1.005366
4271.448598 0.997268
4271.648591 0.975599
4271.848584 1.009526
4272.048577 1.028300
4272.248570 1.028246
4272.448562 0.988279
4272.648555 0.987798
4272.848548 1.039357
4273.048541 1.056337
4273.248534 0.968179
4273.448527 1.025252
4273.648520 1.022927
4273.848513 1.012842
4274.048506 1.030849
4274.248499 0.981428
4274.448492 1.017490
4274.648484 1.019563
4274.848477 1.013538
4275.048470 1.007676
4275.248463 1.078247
4275.448456 0.975666
4275.648449 1.036490
4275.848442 0.977361
4276.048435 0.962773
4276.248428 1.034717
4276.448421 1.022662
4276.648414 1.000736
4276.848407 1.010447
4277.048399 1.024234
4277.248392 1.068154
4277.448385 1.030539
4277.648378 0.969560
4277.848371 0.953634
4278.048364 1.017851
4278.248357 0.993354
4278.448350 1.003746
4278.648343 1.014811
4278.848336 1.007972
4279.048329 0.948445
4279.248321 1.020821
4279.448314 1.006035
4279.648307 0.997657
4279.848300 1.039531
4280.048293 1.030063
4280.248286 1.019467
4280.448279 1.020433
4280.648272 0.962736
4280.848265 0.983158
4281.048258 0.971863
4281.248251 0.976061
4281.448243 0.981659
4281.648236 0.982562
4281.848229 1.006920
4282.048222 0.976963
4282.248215 1.071391
4282.448208 1.021289
4282.648201 0.998939
4282.848194 0.989667
4283.048187 1.015805
4283.248180 1.021774
4283.448173 0.992119
4283.648165 0.986669
4283.848158 0.975856
4284.048151 0.983631
4284.248144 1.028794
4284.448137 1.028081
4284.648130 1.026776
4284.848123 1.006071
4285.048116 0.992762
4285.248109 0.966604
4285.448102 0.954007
4285.648095 1.021227
4285.848088 1.035385
4286.048080 0.930797
4286.248073 0.991682
4286.448066 1.028744
4286.648059 1.050444
4286.848052 1.016474
4287.048045 0.970935
4287.248038 0.908719
4287.448031 1.036230
4287.648024 0.982236
4287.848017 0.973642
4288.048010 0.995063
4288.248002 1.012958
4288.447995 1.033658
4288.647988 1.003038
4288.847981 0.950645
4289.047974 0.980931
4289.247967 1.009585
4289.447960 0.966475
4289.647953 0.954877
4289.847946 0.973513
4290.047939 0.989980
4290.247932 1.034762
4290.447924 1.018123
4290.647917 0.970861
4290.847910 1.005750
4291.047903 0.942488
4291.247896 0.946455
4291.447889 1.021130
4291.647882 1.025123
4291.847875 1.050065
4292.047868 1.024201
4292.247861 1.052007
4292.447854 0.974284
4292.647846 1.005515
4292.847839 0.988201
4293.047832 0.966385
4293.247825 1.007598
4293.447818 1.033798
4293.647811 0.995557
4293.847804 1.032029
4294.047797 1.026415
4294.247790 1.010214
4294.447783 0.958259
4294.647776 1.026300
4294.847769 0.969384
4295.047761 0.996221
4295.247754 1.006340
4295.447747 0.963338
4295.647740 1.001810
4295.847733 0.983356
4296.047726 1.054383
4296.247719 0.948752
4296.447712 0.992716
4296.647705 1.035331
4296.847698 1.010226
4297.047691 0.981659
4297.247683 0.991648
4297.447676 0.994550
4297.647669 0.976135
4297.847662 1.003425
4298.047655 0.954192
4298.247648 0.993048
4298.447641 0.986685
4298.647634 1.023224
4298.847627 1.020607
4299.047620 1.000996
4299.247613 1.008617
4299.447605 1.029997
4299.647598 1.028034
4299.847591 0.920522
4300.047584 0.978353
4300.247577 0.995721
4300.447570 1.016151
4300.647563 0.998709
4300.847556 1.025769
4301.047549 1.019837
4301.247542 0.990297
4301.447535 0.980730
4301.647527 0.990022
4301.847520 0.976398
4302.047513 0.987108
4302.247506 0.948339
4302.447499 0.988501
4302.647492 0.994892
4302.847485 1.008969
4303.047478 0.964970
4303.247471 1.004351
4303.447464 0.997555
4303.647457 0.992062
4303.847450 0.976253
4304.047442 1.041223
4304.247435 0.972230
4304.447428 0.987933
4304.647421 1.011981
4304.847414 0.986381
4305.047407 0.994797
4305.247400 1.021093
4305.447393 0.987504
4305.647386 0.972025
4305.847379 1.008448
4306.047372 0.996623
4306.247364 1.056220
4306.447357 1.003591
4306.647350 1.019826
4306.847343 1.042237
4307.047336 1.030494
4307.247329 0.982997
4307.447322 0.999910
4307.647315 0.975605
4307.847308 1.021953
4308.047301 1.007432
4308.247294 0.942641
4308.447286 0.950169
4308.647279 0.973050
4308.847272 1.009439
4309.047265 1.010728
4309.247258 1.018818
4309.447251 0.970466
4309.647244 0.983471
4309.847237 0.968740
4310.047230 0.950950
4310.247223 1.089619
4310.447216 1.004464
4310.647208 0.968331
4310.847201 0.994188
4311.047194 0.994549
4311.247187 0.939743
4311.447180 1.022367
4311.647173 0.929530
4311.847166 1.004385
4312.047159 1.017424
4312.247152 0.997602
4312.447145 1.027067
4312.647138 1.011041
4312.847131 1.001938
4313.047123 0.975053
4313.247116 0.989088
4313.447109 1.020453
4313.647102 1.042521
4313.847095 0.979038
4314.047088 1.025340
4314.247081 1.021373
4314.447074 1.044392
4314.647067 0.994289
4314.847060 1.008747
4315.047053 0.971970
4315.247045 0.977598
4315.447038 1.021783
4315.647031 0.990333
4315.847024 0.980671
4316.047017 1.001843
4316.247010 0.955588
4316.447003 1.008394
4316.646996 0.997341
4316.846989 1.034562
4317.046982 0.943544
4317.246975 0.993706
4317.446967 0.974584
4317.646960 0.999756
4317.846953 0.967942
4318.046946 0.974324
4318.246939 1.032341
4318.446932 0.978307
4318.646925 0.978168
4318.846918 0.995529
4319.046911 0.950507
4319.246904 0.968947
4319.446897 0.956557
4319.646890 0.937540
4319.846882 1.014318
4320.046875 0.994413
4320.246868 0.944362
4320.446861 0.986495
4320.646854 0.957034
4320.846847 0.957437
4321.046840 1.016942
4321.246833 1.011231
4321.446826 0.947726
4321.646819 1.003701
4321.846812 1.026224
4322.046804 0.990260
4322.246797 0.935782
4322.446790 0.946055
4322.646783 0.973217
4322.846776 0.964200
4323.046769 1.021141
4323.246762 0.952258
4323.446755 0.970941
4323.646748 0.985259
4323.846741 0.924256
4324.046734 0.965272
4324.246726 0.965065
4324.446719 0.953972
4324.646712 0.960900
4324.846705 0.980704
4325.046698 0.917512
4325.246691 1.029717
4325.446684 0.927358
4325.646677 0.972431
4325.846670 0.982500
4326.046663 0.993265
4326.246656 0.984618
4326.446648 0.971587
4326.646641 0.980865
4326.846634 0.916360
4327.046627 0.970724
4327.246620 0.952548
4327.446613 1.021841
4327.646606 0.977748
4327.846599 0.975378
4328.046592 0.965845
4328.246585 0.951284
4328.446578 0.989385
4328.646571 1.004698
4328.846563 0.953508
4329.046556 0.952198
4329.246549 0.936569
4329.446542 0.997212
4329.646535 0.952710
4329.846528 0.960714
4330.046521 0.930402
4330.246514 0.936744
4330.446507 0.951136
4330.646500 0.945226
4330.846493 0.955909
4331.046485 0.958146
4331.246478 0.910273
4331.446471 0.934002
4331.646464 0.951226
4331.846457 0.912629
4332.046450 0.882274
4332.246443 0.906279
4332.446436 0.931180
4332.646429 0.909751
4332.846422 0.935830
4333.046415 0.922667
4333.246407 0.844953
4333.446400 0.938863
4333.646393 0.906075
4333.846386 0.920407
4334.046379 0.919334
4334.246372 0.913886
4334.446365 0.929334
4334.646358 0.871787
4334.846351 0.839010
4335.046344 0.877714
4335.246337 0.855705
4335.446329 0.886457
4335.646322 0.821743
4335.846315 0.826122
4336.046308 0.814262
4336.246301 0.831955
4336.446294 0.842689
4336.646287 0.838728
4336.846280 0.808582
4337.046273 0.821380
4337.246266 0.778139
4337.446259 0.777761
4337.646252 0.752745
4337.846244 0.804216
4338.046237 0.788192
4338.246230 0.763861
4338.446223 0.722898
4338.646216 0.760428
4338.846209 0.764257
4339.046202 0.755001
4339.246195 0.728399
4339.446188 0.763095
4339.646181 0.752632
4339.846174 0.730544
4340.046166 0.677074
4340.246159 0.775000
4340.446152 0.795288
4340.646145 0.701653
4340.846138 0.717239
4341.046131 0.716052
4341.246124 0.758464
4341.446117 0.714138
4341.646110 0.761813
4341.846103 0.705003
4342.046096 0.787798
4342.246088 0.737201
4342.446081 0.755935
4342.646074 0.887892
4342.846067 0.843416
4343.046060 0.890079
4343.246053 0.819597
4343.446046 0.748464
4343.646039 0.720367
4343.846032 0.764852
4344.046025 0.759299
4344.246018 0.803683
4344.446010 0.741114
4344.646003 0.788047
4344.845996 0.736992
4345.045989 0.764158
4345.245982 0.749453
4345.445975 0.732081
4345.645968 0.736773
4345.845961 0.790888
4346.045954 0.801621
4346.245947 0.784922
4346.445940 0.808548
4346.645933 0.789791
4346.845925 0.826449
4347.045918 0.894982
4347.245911 0.870102
4347.445904 0.812652
4347.645897 0.774787
4347.845890 0.837767
4348.045883 0.803513
4348.245876 0.843422
4348.445869 0.888698
4348.645862 0.873825
4348.845855 0.877896
4349.045847 0.863046
4349.245840 0.898295
4349.445833 0.877487
4349.645826 0.866115
4349.845819 0.869033
4350.045812 0.899377
4350.245805 0.893275
4350.445798 0.862294
4350.645791 0.962397
4350.845784 0.931965
4351.045777 0.942880
4351.245769 0.908792
4351.445762 0.928978
4351.645755 0.924008
4351.845748 0.861338
4352.045741 0.905057
4352.245734 0.924130
4352.445727 0.922914
4352.645720 0.963329
4352.845713 0.926692
4353.045706 0.879278
4353.245699 0.927336
4353.445692 0.940271
4353.645684 0.942513
4353.845677 0.938912
4354.045670 0.894728
4354.245663 0.915621
4354.445656 0.939627
4354.645649 0.890780
4354.845642 0.976293
4355.045635 0.952192
4355.245628 0.992422
4355.445621 0.942041
4355.645614 0.924186
4355.845606 0.998277
4356.045599 0.965165
4356.245592 0.989072
4356.445585 0.964685
4356.645578 0.963183
4356.845571 0.884100
4357.045564 0.976937
4357.245557 0.918951
4357.445550 0.898829
4357.645543 0.936445
4357.845536 0.978111
4358.045528 0.997166
4358.245521 0.940633
4358.445514 0.923569
4358.645507 1.014403
4358.845500 0.943123
4359.045493 1.007389
4359.245486 1.003845
4359.445479 0.906345
4359.645472 0.966113
4359.845465 0.998836
4360.045458 1.009656
4360.245450 1.011782
4360.445443 0.994359
4360.645436 1.003690
4360.845429 0.998825
4361.045422 1.003017
4361.245415 1.024331
4361.445408 1.007108
4361.645401 0.985316
4361.845394 0.983894
4362.045387 0.980563
4362.245380 0.990852
4362.445373 1.027414
4362.645365 1.015978
4362.845358 0.916457
4363.045351 0.978649
4363.245344 0.979990
4363.445337 0.995976
4363.645330 0.976433
4363.845323 1.003888
4364.045316 1.021830
4364.245309 0.975214
4364.445302 1.016801
4364.645295 0.966280
4364.845287 0.941289
4365.045280 0.976211
4365.245273 0.948886
4365.445266 1.002286
4365.645259 1.060844
4365.845252 0.965721
4366.045245 1.007005
4366.245238 1.029608
4366.445231 1.011173
4366.645224 0.949908
4366.845217 1.004392
4367.045209 1.012396
4367.245202 1.016030
4367.445195 0.997155
4367.645188 0.982651
4367.845181 0.983212
4368.045174 0.973842
4368.245167 1.002573
4368.445160 0.966503
4368.645153 1.063187
4368.845146 1.020476
4369.045139 0.992974
4369.245131 0.984349
4369.445124 0.971993
4369.645117 1.012397
4369.845110 1.008915
4370.045103 1.043683
4370.245096 1.010212
4370.445089 0.963176
4370.645082 1.033583
4370.845075 1.061193
4371.045068 1.108253
4371.245061 1.006162
4371.445054 1.009024
4371.645046 1.011105
4371.845039 0.908518
4372.045032 0.923432
4372.245025 1.059690
4372.445018 1.025974
4372.645011 0.990010
4372.845004 1.017671
4373.044997 1.035274
4373.244990 1.008864
4373.444983 0.995900
4373.644976 1.040817
4373.844968 1.055902
4374.044961 1.033084
4374.244954 0.969516
4374.444947 0.920407
4374.644940 1.023525
4374.844933 0.972998
4375.044926 1.001525
4375.244919 0.981933
4375.444912 1.012202
4375.644905 0.976954
4375.844898 1.016233
4376.044890 1.003233
4376.244883 1.039320
4376.444876 1.066166
4376.644869 0.973052
4376.844862 0.998777
4377.044855 1.011822
4377.244848 0.999533
4377.444841 0.934403
4377.644834 0.947232
4377.844827 0.998000
4378.044820 0.998071
4378.244812 1.019569
4378.444805 1.027477
4378.644798 1.003149
4378.844791 1.014457
4379.044784 1.014646
4379.244777 1.047889
4379.444770 0.974900
4379.644763 0.964167
4379.844756 0.986640
4380.044749 1.025280
4380.244742 1.017129
4380.444735 1.007965
4380.644727 0.968391
4380.844720 0.962566
4381.044713 0.996125
4381.244706 0.944156
4381.444699 0.989356
4381.644692 1.004705
4381.844685 1.008441
4382.044678 0.984250
4382.244671 0.991195
4382.444664 1.010235
4382.644657 0.973873
4382.844649 1.047958
4383.044642 1.010221
4383.244635 1.055166
4383.444628 1.015130
4383.644621 1.008750
4383.844614 0.975796
4384.044607 0.994528
4384.244600 0.983082
4384.444593 0.964611
4384.644586 0.943883
4384.844579 0.977944
4385.044571 0.962686
4385.244564 0.930186
4385.444557 0.922221
4385.644550 0.889067
4385.844543 0.961083
4386.044536 0.971842
4386.244529 0.879272
4386.444522 0.886965
4386.644515 0.880217
4386.844508 0.925509
4387.044501 0.899858
4387.244493 0.922739
4387.444486 0.927476
4387.644479 0.915279
4387.844472 0.920400
4388.044465 0.906903
4388.244458 0.954149
4388.444451 0.929115
4388.644444 0.909788
4388.844437 0.914046
4389.044430 0.963647
4389.244423 1.006741
4389.444416 0.985472
4389.644408 0.948632
4389.844401 0.945615
4390.044394 0.966084
4390.244387 1.042162
4390.444380 0.959256
4390.644373 1.000303
4390.844366 0.942917
4391.044359 0.979161
4391.244352 1.008148
4391.444345 0.916467
4391.644338 0.902605
4391.844330 0.910726
4392.044323 0.902053
4392.244316 0.905240
4392.444309 0.865402
4392.644302 0.919942
4392.844295 0.975810
4393.044288 0.935629
4393.244281 0.895056
4393.444274 0.963202
4393.644267 0.891101
4393.844260 0.983498
4394.044252 1.000746
4394.244245 0.963909
4394.444238 0.992523
4394.644231 0.972865
4394.844224 0.970572
4395.044217 0.977518
4395.244210 0.916456
4395.444203 0.995218
4395.644196 0.964370
4395.844189 1.017409
4396.044182 0.999524
4396.244175 0.965511
4396.444167 1.009670
4396.644160 1.010279
4396.844153 1.019745
4397.044146 1.050496
4397.244139 1.029398
4397.444132 0.950172
4397.644125 0.983672
4397.844118 0.997824
4398.044111 0.983928
4398.244104 1.035864
4398.444097 0.983553
4398.644089 0.987226
4398.844082 1.010418
4399.044075 0.989264
4399.244068 0.993511
4399.444061 1.015464
4399.644054 0.997468
4399.844047 0.995477
4400.044040 0.979625
4400.244033 0.999534
4400.444026 0.967860
4400.644019 0.994926
4400.844011 1.008343
4401.044004 0.993358
4401.243997 1.028252
4401.443990 1.002469
4401.643983 0.957224
4401.843976 0.997376
4402.043969 0.983492
4402.243962 1.012997
4402.443955 1.004775
4402.643948 1.072055
4402.843941 0.970511
4403.043933 0.986151
4403.243926 0.940928
4403.443919 1.000544
4403.643912 0.954747
4403.843905 1.020313
4404.043898 0.994880
4404.243891 0.996028
4404.443884 1.040444
4404.643877 1.025401
4404.843870 1.029753
4405.043863 1.072202
4405.243856 1.017741
4405.443848 1.019939
4405.643841 1.006756
4405.843834 1.006028
4406.043827 1.012961
4406.243820 1.020385
4406.443813 0.992771
4406.643806 1.016934
4406.843799 0.941887
4407.043792 1.017411
4407.243785 1.087159
4407.443778 1.056459
4407.643770 1.050531
4407.843763 1.005408
4408.043756 0.993894
4408.243749 0.989126
4408.443742 0.968213
4408.643735 1.018566
4408.843728 1.042437
4409.043721 1.007793
4409.243714 0.979137
4409.443707 0.969467
4409.643700 1.046880
4409.843692 1.016670
4410.043685 1.040526
4410.243678 1.017357
4410.443671 1.017217
4410.643664 1.090932
4410.843657 1.025845
4411.043650 1.018659
4411.243643 0.980643
4411.443636 1.035177
4411.643629 0.996208
4411.843622 1.030026
4412.043614 0.971926
4412.243607 1.029241
4412.443600 1.015279
4412.643593 1.024882
4412.843586 1.016968
4413.043579 0.981639
4413.243572 0.966591
4413.443565 1.053140
4413.643558 0.986769
4413.843551 0.994822
4414.043544 0.978960
4414.243537 0.961449
4414.443529 1.027436
4414.643522 1.079949
4414.843515 0.989570
4415.043508 0.974253
4415.243501 1.036190
4415.443494 0.979169
4415.643487 0.971573
4415.843480 0.990305
4416.043473 0.983482
4416.243466 0.987326
4416.443459 0.974344
4416.643451 0.992989
4416.843444 0.985283
4417.043437 1.031549
4417.243430 1.041842
4417.443423 0.957645
4417.643416 0.941355
4417.843409 0.965642
4418.043402 1.017087
4418.243395 1.021554
4418.443388 0.991459
4418.643381 1.054751
4418.843373 0.999492
4419.043366 0.969088
4419.243359 0.995620
4419.443352 0.955662
4419.643345 1.022377
4419.843338 0.993999
4420.043331 0.982329
4420.243324 1.027783
4420.443317 0.971802
4420.643310 1.026694
4420.843303 1.013976
4421.043295 1.043450
4421.243288 1.033386
4421.443281 0.979437
4421.643274 1.018118
4421.843267 0.992266
4422.043260 1.012709
4422.243253 0.974694
4422.443246 0.977056
4422.643239 1.026454
4422.843232 0.992425
4423.043225 0.960757
4423.243218 1.094372
4423.443210 1.029091
4423.643203 1.068268
4423.843196 1.036216
4424.043189 1.033967
4424.243182 1.011799
4424.443175 1.011644
4424.643168 1.010081
4424.843161 0.985859
4425.043154 1.014487
4425.243147 0.957200
4425.443140 1.005994
4425.643132 0.995729
4425.843125 0.990570
4426.043118 0.995634
4426.243111 0.992903
4426.443104 1.022852
4426.643097 1.002112
4426.843090 0.959886
4427.043083 0.950652
4427.243076 0.978689
4427.443069 0.992683
4427.643062 1.008703
4427.843054 0.978914
4428.043047 1.004562
4428.243040 1.032597
4428.443033 1.017898
4428.643026 1.051041
4428.843019 1.037859
4429.043012 1.007616
4429.243005 1.003417
4429.442998 1.027608
4429.642991 1.027386
4429.842984 0.991416
4430.042976 0.993790
4430.242969 0.995642
4430.442962 0.986546
4430.642955 1.021764
4430.842948 0.998865
4431.042941 1.042008
4431.242934 1.027114
4431.442927 1.023233
4431.642920 1.040878
4431.842913 0.926357
4432.042906 1.032911
4432.242899 1.027930
4432.442891 0.995195
4432.642884 1.001743
4432.842877 0.955169
4433.042870 0.956733
4433.242863 0.980894
4433.442856 1.033718
4433.642849 0.971656
4433.842842 1.002162
4434.042835 1.006153
4434.242828 0.996074
4434.442821 0.981118
4434.642813 0.982702
4434.842806 0.996703
4435.042799 1.026639
4435.242792 1.004641
4435.442785 1.022645
4435.642778 1.018938
4435.842771 0.951768
4436.042764 0.981539
4436.242757 0.947687
4436.442750 1.021929
4436.642743 0.968787
4436.842735 1.037690
4437.042728 0.969486
4437.242721 0.982375
4437.442714 0.993916
4437.642707 1.062694
4437.842700 1.012890
4438.042693 1.026321
4438.242686 0.970921
4438.442679 0.960932
4438.642672 1.030463
4438.842665 0.979481
4439.042658 1.051746
4439.242650 1.049507
4439.442643 1.018581
4439.642636 1.051303
4439.842629 1.050792
4440.042622 1.008951
4440.242615 1.043069
4440.442608 1.012857
4440.642601 1.005128
4440.842594 1.019260
4441.042587 1.017539
4441.242580 1.004204
4441.442572 1.032043
4441.642565 0.991018
4441.842558 1.045766
4442.042551 1.016755
4442.242544 1.004748
4442.442537 0.922475
4442.642530 0.918687
4442.842523 0.984507
4443.042516 0.983741
4443.242509 1.008997
4443.442502 0.977616
4443.642494 1.018099
4443.842487 1.043005
4444.042480 0.997531
4444.242473 1.027732
4444.442466 1.048530
4444.642459 0.972581
4444.842452 0.997296
4445.042445 0.988862
4445.242438 1.006734
4445.442431 0.980628
4445.642424 1.051864
4445.842416 1.013520
4446.042409 0.981930
4446.242402 0.948753
4446.442395 0.985184
4446.642388 0.964065
4446.842381 1.024990
4447.042374 1.032667
4447.242367 1.012156
4447.442360 0.972133
4447.642353 0.992712
4447.842346 0.973158
4448.042339 1.032266
4448.242331 1.021762
4448.442324 0.968345
4448.642317 1.006890
4448.842310 0.990410
4449.042303 1.001942
4449.242296 1.019686
4449.442289 0.987006
4449.642282 1.017395
4449.842275 1.045552
4450.042268 1.006265
4450.242261 1.066653
4450.442253 0.982811
4450.642246 0.984818
4450.842239 1.007742
4451.042232 0.965408
4451.242225 1.014978
4451.442218 1.045047
4451.642211 1.091277
4451.842204 0.991953
4452.042197 1.016121
4452.242190 1.013998
4452.442183 1.004420
4452.642175 1.044442
4452.842168 1.030640
4453.042161 1.026459
4453.242154 1.031612
4453.442147 0.985735
4453.642140 1.006597
4453.842133 1.024717
4454.042126 1.031880
4454.242119 0.994494
4454.442112 0.983181
4454.642105 0.984474
4454.842097 0.970517
4455.042090 1.038704
4455.242083 0.992915
4455.442076 1.029148
4455.642069 0.987956
4455.842062 1.018036
4456.042055 1.054733
4456.242048 1.004651
4456.442041 1.022799
4456.642034 1.015837
4456.842027 0.988724
4457.042020 1.081569
4457.242012 1.078447
4457.442005 1.013271
4457.641998 0.961106
4457.841991 0.986682
4458.041984 0.972384
4458.241977 1.022810
4458.441970 0.995101
4458.641963 0.953184
4458.841956 0.975539
4459.041949 1.003071
4459.241942 0.977420
4459.441934 1.094933
4459.641927 1.014766
4459.841920 1.033351
4460.041913 1.019912
4460.241906 1.004240
4460.441899 1.056987
4460.641892 1.036956
4460.841885 0.934808
4461.041878 0.983510
4461.241871 0.954345
4461.441864 1.015386
4461.641856 1.056929
4461.841849 1.040707
4462.041842 1.046123
4462.241835 1.116205
4462.441828 1.036506
4462.641821 0.960861
4462.841814 1.018016
4463.041807 1.019924
4463.241800 1.042890
4463.441793 1.071583
4463.641786 1.011897
4463.841778 0.958959
4464.041771 1.037756
4464.241764 1.003765
4464.441757 0.945795
4464.641750 1.025981
4464.841743 1.015842
4465.041736 0.960683
4465.241729 1.027736
4465.441722 1.015385
4465.641715 0.982512
4465.841708 0.998214
4466.041701 1.065455
4466.241693 0.946438
4466.441686 0.955786
4466.641679 0.970270
4466.841672 0.990266
4467.041665 0.954271
4467.241658 1.036503
4467.441651 0.965859
4467.641644 0.936323
4467.841637 0.944710
4468.041630 0.967998
4468.241623 0.914625
4468.441615 0.906317
4468.641608 0.976252
4468.841601 0.935241
4469.041594 0.896591
4469.241587 0.912366
4469.441580 0.949981
4469.641573 0.915232
4469.841566 0.946795
4470.041559 0.888872
4470.241552 0.894909
4470.441545 0.916216
4470.641537 0.878283
4470.841530 0.898550
4471.041523 0.921522
4471.241516 0.936104
4471.441509 0.932899
4471.641502 0.911185
4471.841495 0.933901
4472.041488 0.967996
4472.241481 0.945383
4472.441474 0.906899
4472.641467 1.001875
4472.841460 0.947671
4473.041452 0.996601
4473.241445 0.982426
4473.441438 0.961971
4473.641431 0.942155
4473.841424 0.972020
4474.041417 0.954357
4474.241410 0.970603
4474.441403 0.947422
4474.641396 0.968206
4474.841389 0.953169
4475.041382 0.848916
4475.241374 0.904557
4475.441367 0.839706
4475.641360 0.914829
4475.841353 0.930983
4476.041346 0.923681
4476.241339 0.860854
4476.441332 0.902966
4476.641325 0.928320
4476.841318 0.891566
4477.041311 0.930217
4477.241304 0.908334
4477.441296 0.971912
4477.641289 0.971570
4477.841282 0.925715
4478.041275 0.976334
4478.241268 1.014825
4478.441261 1.006567
4478.641254 0.954385
4478.841247 1.013230
4479.041240 0.978411
4479.241233 0.976396
4479.441226 1.054438
4479.641218 0.976784
4479.841211 1.024235
4480.041204 0.944643
4480.241197 0.965137
4480.441190 1.017140
4480.641183 0.962237
4480.841176 1.004856
4481.041169 1.011504
4481.241162 1.013710
4481.441155 0.966688
4481.641148 0.985408
4481.841141 1.006184
4482.041133 1.093790
4482.241126 0.972144
4482.441119 0.960566
4482.641112 0.989301
4482.841105 1.001893
4483.041098 1.003392
4483.241091 1.048626
4483.441084 1.056690
4483.641077 1.009113
4483.841070 1.037607
4484.041063 0.996750
4484.241055 0.963083
4484.441048 1.042717
4484.641041 0.975116
4484.841034 1.025656
4485.041027 1.013285
4485.241020 1.000352
4485.441013 1.050629
4485.641006 0.993954
4485.840999 1.003324
4486.040992 1.021093
4486.240985 1.029966
4486.440977 1.049609
4486.640970 1.041533
4486.840963 0.996962
4487.040956 1.012881
4487.240949 0.978838
4487.440942 1.007864
4487.640935 0.967779
4487.840928 1.035077
4488.040921 1.017043
4488.240914 1.015881
4488.440907 1.040430
4488.640899 1.040252
4488.840892 1.081108
4489.040885 1.013639
4489.240878 1.005781
4489.440871 1.014539
4489.640864 1.002353
4489.840857 1.104715
4490.040850 1.027046
4490.240843 1.018584
4490.440836 0.994824
4490.640829 1.021428
4490.840822 1.011067
4491.040814 1.003657
4491.240807 1.002158
4491.440800 0.986719
4491.640793 1.014214
4491.840786 1.005111
4492.040779 0.994857
4492.240772 1.035990
4492.440765 1.055327
4492.640758 1.039953
4492.840751 1.064781
4493.040744 1.043716
4493.240736 1.051760
4493.440729 1.041661
4493.640722 1.061769
4493.840715 1.057452
4494.040708 1.007552
4494.240701 0.971133
4494.440694 1.099928
4494.640687 1.064487
4494.840680 1.040942
4495.040673 1.047844
4495.240666 0.995492
4495.440658 1.069344
4495.640651 1.093137
4495.840644 1.042636
4496.040637 1.015051
4496.240630 1.002483
4496.440623 1.019520
4496.640616 0.986327
4496.840609 1.004591
4497.040602 1.005512
4497.240595 1.054318
4497.440588 1.011757
4497.640580 1.010981
4497.840573 1.021233
4498.040566 0.995612
4498.240559 1.087949
4498.440552 1.014844
4498.640545 1.037123
4498.840538 1.041414
4499.040531 1.025481
4499.240524 1.043966
4499.440517 1.039046
4499.640510 1.014599
4499.840503 1.079504
4500.040495 1.103156
4500.240488 1.034932
4500.440481 1.039654
4500.640474 0.997569
4500.840467 1.073227
4501.040460 1.013379
4501.240453 1.030690
4501.440446 1.023814
4501.640439 1.094808
4501.840432 1.040611
4502.040425 1.073367
4502.240417 1.043100
4502.440410 0.997451
4502.640403 1.030026
4502.840396 1.055896
4503.040389 0.982476
4503.240382 0.997926
4503.440375 1.034776
4503.640368 1.030287
4503.840361 1.021819
4504.040354 0.955878
4504.240347 0.962711
4504.440339 0.970839
4504.640332 1.033638
4504.840325 1.053190
4505.040318 1.057635
4505.240311 1.053634
4505.440304 1.011212
4505.640297 1.038871
4505.840290 1.019210
4506.040283 1.075418
4506.240276 0.987033
4506.440269 1.046827
4506.640261 1.015639
4506.840254 0.977793
4507.040247 0.995061
4507.240240 0.929698
4507.440233 1.035346
4507.640226 1.008716
4507.840219 0.962046
4508.040212 1.028053
4508.240205 1.020773
4508.440198 1.073856
4508.640191 1.007575
4508.840184 1.065379
4509.040176 1.003436
4509.240169 1.056357
4509.440162 1.006161
4509.640155 0.993472
4509.840148 0.980487
4510.040141 1.033074
4510.240134 1.083730
4510.440127 1.024661
4510.640120 1.020378
4510.840113 0.992269
4511.040106 1.033103
4511.240098 0.997696
4511.440091 1.034889
4511.640084 1.002706
4511.840077 0.944658
4512.040070 1.024027
4512.240063 0.977953
4512.440056 1.067193
4512.640049 1.009287
4512.840042 1.085914
4513.040035 1.055069
4513.240028 1.017289
4513.440020 1.031737
4513.640013 0.951554
4513.840006 1.077043
4514.039999 1.023554
4514.239992 0.996479
4514.439985 0.994347
4514.639978 1.015482
4514.839971 0.970071
4515.039964 1.008166
4515.239957 1.073156
4515.439950 1.015472
4515.639943 0.973316
4515.839935 0.993623
4516.039928 1.064378
4516.239921 1.075374
4516.439914 1.029450
4516.639907 1.003581
4516.839900 0.949437
4517.039893 1.002268
4517.239886 0.931854
4517.439879 0.996330
4517.639872 1.042809
4517.839865 0.971244
4518.039857 0.984277
4518.239850 1.003563
4518.439843 1.073075
4518.639836 1.046047
4518.839829 0.981108
4519.039822 1.040821
4519.239815 1.013740
4519.439808 1.011178
4519.639801 1.019897
4519.839794 1.058323
4520.039787 1.050115
4520.239779 1.000207
4520.439772 1.052709
4520.639765 0.985728
4520.839758 1.029531
4521.039751 1.037902
4521.239744 0.997051
4521.439737 1.022884
4521.639730 0.988742
4521.839723 0.976558
4522.039716 0.978306
4522.239709 0.964939
4522.439701 1.070878
4522.639694 1.046132
4522.839687 1.059391
4523.039680 0.978853
4523.239673 1.012911
4523.439666 1.006830
4523.639659 1.037505
4523.839652 0.952240
4524.039645 0.957971
4524.239638 1.012054
4524.439631 0.982892
4524.639624 0.961327
4524.839616 1.037578
4525.039609 1.072696
4525.239602 1.038342
4525.439595 1.030453
4525.639588 1.029481
4525.839581 1.041112
4526.039574 1.031046
4526.239567 1.070837
4526.439560 1.094868
4526.639553 1.049305
4526.839546 1.041177
4527.039538 0.983939
4527.239531 1.059567
4527.439524 0.987600
4527.639517 0.944371
4527.839510 1.011816
4528.039503 0.953144
4528.239496 1.045911
4528.439489 0.960357
4528.639482 1.037201
4528.839475 1.002454
4529.039468 1.028564
4529.239460 1.002980
4529.439453 0.977765
4529.639446 0.982872
4529.839439 1.047743
4530.039432 0.983679
4530.239425 1.045216
4530.439418 0.976600
4530.639411 0.965914
4530.839404 0.979266
4531.039397 0.990563
4531.239390 1.011247
4531.439382 0.952838
4531.639375 1.057922
4531.839368 1.004808
4532.039361 0.986545
4532.239354 1.031083
4532.439347 1.185794
4532.639340 1.042428
4532.839333 1.044938
4533.039326 1.000749
4533.239319 1.041239
4533.439312 1.023990
4533.639305 1.034085
4533.839297 1.014393
4534.039290 1.035423
4534.239283 1.029315
4534.439276 1.010376
4534.639269 1.004446
4534.839262 0.942884
4535.039255 0.996663
4535.239248 1.074490
4535.439241 1.000965
4535.639234 1.017411
4535.839227 0.966292
4536.039219 1.025068
4536.239212 0.981736
4536.439205 1.040570
4536.639198 1.033392
4536.839191 1.016938
4537.039184 1.014025
4537.239177 1.027140
4537.439170 0.967580
4537.639163 1.061031
4537.839156 1.017878
4538.039149 1.018938
4538.239141 1.035541
4538.439134 1.005949
4538.639127 1.013836
4538.839120 0.993124
4539.039113 0.974792
4539.239106 1.005336
4539.439099 0.988041
4539.639092 0.983391
4539.839085 1.014294
4540.039078 0.995881
4540.239071 1.002731
4540.439063 1.006338
4540.639056 0.924778
4540.839049 1.006675
4541.039042 1.033960
4541.239035 1.000578
4541.439028 0.995693
4541.639021 0.972118
4541.839014 1.036268
4542.039007 1.004063
4542.239000 0.976371
4542.438993 1.064229
4542.638986 0.934677
4542.838978 1.007304
4543.038971 0.977515
4543.238964 1.008198
4543.438957 0.997685
4543.638950 0.983512
4543.838943 1.028671
4544.038936 1.002138
4544.238929 0.993395
4544.438922 1.008936
4544.638915 0.922535
4544.838908 1.017191
4545.038900 0.986746
4545.238893 1.022506
4545.438886 0.935495
4545.638879 0.982509
4545.838872 1.020329
4546.038865 0.979662
4546.238858 1.002209
4546.438851 0.965283
4546.638844 1.005458
4546.838837 1.003337
4547.038830 1.034601
4547.238822 0.960874
4547.438815 0.941037
4547.638808 1.032309
4547.838801 0.978021
4548.038794 1.052600
4548.238787 1.008046
4548.438780 0.946964
4548.638773 1.055763
4548.838766 1.028175
4549.038759 1.031074
4549.238752 1.056819
4549.438744 1.033374
4549.638737 1.034036
4549.838730 0.977517
4550.038723 1.006269
4550.238716 1.023507
4550.438709 1.054207
4550.638702 0.998075
4550.838695 0.985376
4551.038688 0.982358
4551.238681 0.960343
4551.438674 0.967717
4551.638667 0.948981
4551.838659 1.027488
4552.038652 0.934322
4552.238645 0.919648
4552.438638 0.997145
4552.638631 0.987236
4552.838624 1.035752
4553.038617 0.972585
4553.238610 1.031680
4553.438603 0.978042
4553.638596 0.906773
4553.838589 1.046045
4554.038581 0.956436
4554.238574 0.894304
4554.438567 0.947777
4554.638560 1.004877
4554.838553 0.989796
4555.038546 1.065769
4555.238539 1.040615
4555.438532 1.020433
4555.638525 0.983879
4555.838518 1.043435
4556.038511 0.974221
4556.238503 0.990900
4556.438496 0.949052
4556.638489 1.055324
4556.838482 1.046312
4557.038475 1.054592
4557.238468 0.972445
4557.438461 1.119744
4557.638454 0.966926
4557.838447 0.995023
4558.038440 1.032027
4558.238433 0.912051
4558.438426 1.044713
4558.638418 0.973056
4558.838411 0.964459
4559.038404 0.990964
4559.238397 0.977978
4559.438390 0.931930
4559.638383 0.997543
4559.838376 1.004714
4560.038369 0.956473
4560.238362 1.001680
4560.438355 1.011634
4560.638348 0.919612
4560.838340 0.990685
4561.038333 0.907173
4561.238326 0.924963
4561.438319 0.980524
4561.638312 0.994897
4561.838305 1.002702
4562.038298 1.041868
4562.238291 1.043714
4562.438284 1.059879
4562.638277 0.985730
4562.838270 1.063623
4563.038262 0.991012
4563.238255 1.002928
4563.438248 0.987141
4563.638241 1.013596
4563.838234 0.991054
4564.038227 0.903018
4564.238220 0.975925
4564.438213 0.970410
4564.638206 0.973745
4564.838199 1.032442
4565.038192 1.061648
4565.238184 1.028294
4565.438177 1.062013
4565.638170 0.951583
4565.838163 0.993893
4566.038156 0.956131
4566.238149 1.056775
4566.438142 0.855500
4566.638135 -0.295530
4566.838128 -0.311417
4567.038121 -0.283166
4567.238114 -0.301394
4567.438107 -0.286808
4567.638099 -0.281813
4567.838092 -0.293262
4568.038085 -0.270224
4568.238078 -0.248129
4568.438071 -0.269501
4568.638064 -0.273504
4568.838057 -0.000009
4569.038050 0.000002
4569.238043 -0.000001
4569.438036 0.000000
4569.638029 -0.000000
4569.838021 0.000000
4570.038014 -0.000000
4570.238007 0.000000
4570.438000 -0.000000
4570.637993 0.000000
4570.837986 -0.000000
